0 0.14322916666666666 0.39453125 0.046875 0.0859375
0 0.1890625 0.39687500000000003 0.053125 0.084375
0 0.24739583333333334 0.398046875 0.06770833333333333 0.08671875000000001
0 0.3067708333333333 0.39375000000000004 0.06354166666666666 0.078125
0 0.3671875 0.38125000000000003 0.053125 0.07500000000000001
0 0.1390625 0.50234375 0.042708333333333334 0.084375
0 0.18489583333333334 0.517578125 0.053125 0.08671875000000001
0 0.24427083333333333 0.519921875 0.057291666666666664 0.08828125
0 0.30364583333333334 0.51171875 0.053125 0.078125
0 0.3484375 0.50390625 0.04895833333333333 0.07500000000000001
1 0.16927083333333334 0.6156250000000001 0.051041666666666666 0.08125
1 0.21197916666666666 0.62265625 0.04479166666666667 0.08281250000000001
1 0.2526041666666667 0.6195312500000001 0.053125 0.0890625
1 0.30052083333333335 0.6156250000000001 0.042708333333333334 0.06875
1 0.3411458333333333 0.6171875 0.042708333333333334 0.08125
3 0.18802083333333333 0.73828125 0.034375 0.07187500000000001
3 0.21354166666666666 0.76171875 0.03333333333333333 0.0921875
3 0.25364583333333335 0.7679687500000001 0.051041666666666666 0.08281250000000001
3 0.2994791666666667 0.7601562500000001 0.04479166666666667 0.08281250000000001
3 0.34322916666666664 0.751953125 0.042708333333333334 0.08671875000000001
