1 0.2921875 0.28847656250000003 0.036458333333333336 0.08867187500000001
1 0.33359375 0.29453125 0.0421875 0.09140625000000001
1 0.3796875 0.29824218750000003 0.04791666666666666 0.086328125
1 0.42942708333333335 0.2958984375 0.0515625 0.08554687500000001
1 0.47890625 0.29609375 0.04739583333333333 0.08750000000000001
0 0.23854166666666665 0.45253906250000003 0.03125 0.08554687500000001
0 0.27057291666666666 0.4615234375 0.033854166666666664 0.08945312500000001
0 0.3104166666666667 0.4693359375 0.04583333333333333 0.086328125
0 0.3572916666666667 0.4724609375 0.04583333333333333 0.086328125
0 0.40572916666666664 0.47285156250000004 0.04583333333333333 0.086328125
0 0.45260416666666664 0.4693359375 0.04583333333333333 0.086328125
0 0.4927083333333333 0.460546875 0.034375 0.08046875
1 0.1609375 0.5484375 0.03333333333333333 0.07265625
1 0.1953125 0.554296875 0.035416666666666666 0.0765625
1 0.228125 0.56484375 0.028125 0.08046875
1 0.2552083333333333 0.57421875 0.026041666666666668 0.08125
1 0.2830729166666667 0.5849609375 0.0265625 0.078515625
1 0.31223958333333335 0.5970703125 0.0328125 0.08085937500000001
1 0.3515625 0.606640625 0.041666666666666664 0.08125
3 0.39348958333333334 0.6048828125000001 0.03802083333333333 0.091796875
3 0.4341145833333333 0.6156250000000001 0.04114583333333333 0.09296875
3 0.471875 0.624609375 0.035416666666666666 0.09140625000000001
3 0.5130208333333334 0.6423828125000001 0.040625 0.099609375
3 0.5604166666666667 0.6501953125000001 0.046875 0.094140625
1 0.15703125 0.610546875 0.03177083333333333 0.05625
1 0.18671875 0.6179687500000001 0.03177083333333333 0.05625
1 0.21744791666666666 0.6277343750000001 0.03177083333333333 0.05625
1 0.2520833333333333 0.6414062500000001 0.03854166666666667 0.06171875
1 0.2875 0.6537109375000001 0.034375 0.062890625
1 0.32109375 0.6671875 0.034895833333333334 0.06484375
1 0.3559895833333333 0.677734375 0.034895833333333334 0.06484375
3 0.3921875 0.6863281250000001 0.036458333333333336 0.07500000000000001
3 0.42916666666666664 0.6974609375 0.03333333333333333 0.073046875
3 0.4674479166666667 0.7097656250000001 0.03802083333333333 0.078125
3 0.5059895833333333 0.7271484375 0.04114583333333333 0.075390625
3 0.5515625 0.7359375 0.04583333333333333 0.078125
3 0.6481770833333333 0.5984375000000001 0.0453125 0.08750000000000001
3 0.6213541666666667 0.22890625 0.03958333333333333 0.078125
3 0.5817708333333333 0.225390625 0.03958333333333333 0.078125
3 0.6625 0.233203125 0.03958333333333333 0.078125
3 0.5752604166666666 0.3384765625 0.034895833333333334 0.070703125
3 0.61015625 0.34453125 0.0328125 0.07734375
3 0.6479166666666667 0.350390625 0.03854166666666667 0.07578125000000001
3 0.5705729166666667 0.43574218750000004 0.03697916666666667 0.066796875
3 0.6041666666666666 0.44355468750000004 0.03125 0.071484375
3 0.6369791666666667 0.44843750000000004 0.03125 0.07109375
