0 0.3416666666666667 0.4099609375 0.03958333333333333 0.07382812500000001
0 0.38645833333333335 0.41132812500000004 0.04479166666666667 0.07500000000000001
0 0.4302083333333333 0.412109375 0.04479166666666667 0.07500000000000001
0 0.47760416666666666 0.41445312500000003 0.04479166666666667 0.07500000000000001
0 0.5286458333333334 0.416796875 0.04479166666666667 0.07500000000000001
1 0.34661458333333334 0.541015625 0.0484375 0.06406250000000001
1 0.39348958333333334 0.5421875 0.0484375 0.06406250000000001
3 0.47942708333333334 0.544140625 0.04114583333333333 0.06484375
3 0.5252604166666667 0.5476562500000001 0.04114583333333333 0.06484375
3 0.35494791666666664 0.655859375 0.04114583333333333 0.06484375
3 0.3966145833333333 0.657421875 0.04114583333333333 0.06484375
3 0.43723958333333335 0.6589843750000001 0.04114583333333333 0.06484375
3 0.4830729166666667 0.6605468750000001 0.04114583333333333 0.06484375
3 0.5231770833333333 0.66171875 0.04114583333333333 0.06484375
2 0.36015625 0.755078125 0.04114583333333333 0.06875
2 0.4002604166666667 0.757421875 0.04114583333333333 0.06875
2 0.44088541666666664 0.7585937500000001 0.04114583333333333 0.06875
2 0.4825520833333333 0.759375 0.04114583333333333 0.06875
2 0.5236979166666667 0.762890625 0.04114583333333333 0.06875
