0 0.16614583333333333 0.47382812500000004 0.07604166666666666 0.10703125000000001
0 0.2421875 0.468359375 0.07604166666666666 0.10703125000000001
0 0.31614583333333335 0.46914062500000003 0.07604166666666666 0.10703125000000001
0 0.3880208333333333 0.471484375 0.07604166666666666 0.10703125000000001
0 0.45260416666666664 0.471484375 0.07604166666666666 0.10703125000000001
3 0.39375 0.65546875 0.06458333333333333 0.096875
3 0.44895833333333335 0.65625 0.06458333333333333 0.096875
3 0.3921875 0.8113281250000001 0.06145833333333333 0.08515625
3 0.3265625 0.8152343750000001 0.06145833333333333 0.08515625
3 0.2734375 0.817578125 0.06145833333333333 0.08515625
3 0.2140625 0.817578125 0.06145833333333333 0.08515625
1 0.18489583333333334 0.663671875 0.07395833333333333 0.09296875
1 0.25677083333333334 0.663671875 0.07395833333333333 0.09296875
1 0.3255208333333333 0.662109375 0.07395833333333333 0.09296875
