2 0.2671875 0.20703125 0.078125 0.19843750000000002
2 0.3442708333333333 0.209375 0.078125 0.19843750000000002
2 0.42343749999999997 0.21328125 0.078125 0.19843750000000002
2 0.5010416666666666 0.21445312500000002 0.08333333333333333 0.19921875
2 0.5760416666666667 0.21445312500000002 0.08333333333333333 0.19921875
2 0.271875 0.45351562500000003 0.07916666666666666 0.18359375
2 0.3458333333333333 0.46132812500000003 0.07916666666666666 0.18359375
2 0.5020833333333333 0.46210937500000004 0.07916666666666666 0.18359375
2 0.5807291666666666 0.4625 0.08229166666666667 0.1765625
2 0.6546875 0.46171875 0.08229166666666667 0.1765625
2 0.2916666666666667 0.675390625 0.075 0.16015625
2 0.3645833333333333 0.675390625 0.075 0.16015625
2 0.428125 0.6761718750000001 0.075 0.16015625
2 0.496875 0.6761718750000001 0.075 0.16015625
2 0.5635416666666666 0.6761718750000001 0.075 0.16015625
2 0.6354166666666666 0.6746093750000001 0.075 0.16015625
2 0.2921875 0.8777343750000001 0.07395833333333333 0.15390625000000002
2 0.3625 0.878515625 0.075 0.13828125
2 0.4239583333333333 0.876953125 0.075 0.13828125
2 0.496875 0.876953125 0.075 0.13828125
2 0.5630208333333333 0.8765625 0.06979166666666667 0.13593750000000002
2 0.6244791666666667 0.87890625 0.06979166666666667 0.13593750000000002
