0 0.48359375 0.3826171875 0.0390625 0.059765625
0 0.5231770833333333 0.3818359375 0.0390625 0.059765625
0 0.5606770833333333 0.37910156250000004 0.0390625 0.059765625
0 0.5971354166666667 0.37519531250000004 0.0359375 0.058203125
0 0.43359375 0.4634765625 0.0359375 0.058203125
0 0.46901041666666665 0.47011718750000003 0.0359375 0.058203125
0 0.50546875 0.4724609375 0.0359375 0.058203125
0 0.5440104166666666 0.4712890625 0.0359375 0.058203125
0 0.5799479166666667 0.4666015625 0.0359375 0.058203125
1 0.49192708333333335 0.5580078125 0.0390625 0.061328125000000004
1 0.52890625 0.5578125 0.03697916666666667 0.060937500000000006
1 0.5640625 0.5533203125 0.03229166666666666 0.057421875000000004
1 0.5997395833333333 0.5484375 0.0359375 0.055468750000000004
