0 0.46458333333333335 0.40937500000000004 0.058333333333333334 0.0890625
0 0.521875 0.4078125 0.058333333333333334 0.0890625
0 0.5765625 0.40625 0.051041666666666666 0.08750000000000001
0 0.41041666666666665 0.40859375000000003 0.058333333333333334 0.0890625
0 0.35 0.393359375 0.04375 0.08359375000000001
0 0.4223958333333333 0.5417968750000001 0.051041666666666666 0.09296875
1 0.4734375 0.54140625 0.057291666666666664 0.0859375
1 0.5276041666666667 0.5390625 0.057291666666666664 0.0859375
1 0.5786458333333333 0.5339843750000001 0.051041666666666666 0.08515625
1 0.4973958333333333 0.655859375 0.05520833333333333 0.08515625
1 0.5484375 0.65390625 0.051041666666666666 0.084375
1 0.5932291666666667 0.65 0.040625 0.08281250000000001
1 0.4458333333333333 0.6589843750000001 0.052083333333333336 0.08359375000000001
1 0.38125 0.6277343750000001 0.03125 0.07421875
0 0.3854166666666667 0.525390625 0.03333333333333333 0.08203125
0 0.36041666666666666 0.517578125 0.03333333333333333 0.08203125
1 0.4083333333333333 0.641796875 0.03125 0.07421875
1 0.6244791666666667 0.513671875 0.03854166666666667 0.07421875
3 0.49947916666666664 0.8054687500000001 0.04479166666666667 0.07968750000000001
3 0.5473958333333333 0.7996093750000001 0.042708333333333334 0.08203125
3 0.5895833333333333 0.7894531250000001 0.04791666666666666 0.08828125
3 0.45260416666666664 0.7996093750000001 0.04895833333333333 0.08828125
3 0.41510416666666666 0.7816406250000001 0.034375 0.08515625
0 0.6375 0.3953125 0.035416666666666666 0.078125
