0 0.3091145833333333 0.34785156250000004 0.044270833333333336 0.10039062500000001
0 0.35442708333333334 0.35371093750000004 0.044270833333333336 0.10039062500000001
0 0.4 0.3623046875 0.04791666666666666 0.10507812500000001
0 0.4484375 0.3708984375 0.04895833333333333 0.109765625
0 0.5104166666666666 0.37910156250000004 0.075 0.115234375
0 0.5106770833333333 0.5744140625 0.06927083333333334 0.09335937500000001
1 0.32708333333333334 0.5244140625 0.040625 0.08554687500000001
1 0.36822916666666666 0.5337890625 0.040625 0.08554687500000001
1 0.4083333333333333 0.548828125 0.03958333333333333 0.08984375
1 0.4518229166666667 0.5625 0.04739583333333333 0.09453125000000001
3 0.3390625 0.6664062500000001 0.035416666666666666 0.07578125000000001
3 0.37734375 0.6818359375 0.04114583333333333 0.082421875
3 0.41484375 0.69921875 0.033854166666666664 0.08359375000000001
3 0.45651041666666664 0.7115234375 0.0484375 0.087109375
3 0.5143229166666666 0.73203125 0.06614583333333333 0.09062500000000001
