1 0.35859375 0.446875 0.0484375 0.07578125000000001
1 0.41119791666666666 0.448046875 0.0484375 0.07578125000000001
1 0.46328125 0.447265625 0.0484375 0.07578125000000001
1 0.51328125 0.44648437500000004 0.0484375 0.07578125000000001
1 0.5643229166666667 0.44648437500000004 0.0484375 0.07578125000000001
0 0.4119791666666667 0.5880859375 0.046875 0.069140625
0 0.46041666666666664 0.5884765625 0.046875 0.069140625
0 0.5046875 0.5849609375 0.046875 0.069140625
0 0.5536458333333333 0.5841796875 0.046875 0.069140625
3 0.4088541666666667 0.7087890625000001 0.04479166666666667 0.065234375
3 0.453125 0.7068359375000001 0.04479166666666667 0.065234375
3 0.4973958333333333 0.7044921875000001 0.04479166666666667 0.065234375
3 0.54375 0.7033203125 0.04479166666666667 0.065234375
2 0.36041666666666666 0.81953125 0.046875 0.07265625
2 0.40572916666666664 0.8152343750000001 0.046875 0.07265625
2 0.45208333333333334 0.8128906250000001 0.046875 0.07265625
2 0.4953125 0.810546875 0.041666666666666664 0.07109375
2 0.5354166666666667 0.809765625 0.041666666666666664 0.07109375
