0 0.37447916666666664 0.37148437500000003 0.06354166666666666 0.10390625
0 0.44427083333333334 0.37148437500000003 0.06354166666666666 0.10390625
0 0.5078125 0.37226562500000004 0.06354166666666666 0.10390625
0 0.5776041666666667 0.374609375 0.06354166666666666 0.10390625
0 0.6442708333333333 0.37226562500000004 0.06354166666666666 0.10390625
1 0.378125 0.5625 0.06041666666666667 0.0890625
1 0.43854166666666666 0.56171875 0.06041666666666667 0.0890625
1 0.5020833333333333 0.55859375 0.06041666666666667 0.0890625
1 0.5625 0.55859375 0.06041666666666667 0.0890625
1 0.628125 0.5609375 0.06041666666666667 0.0890625
3 0.3848958333333333 0.7230468750000001 0.057291666666666664 0.08046875
3 0.4432291666666667 0.7214843750000001 0.057291666666666664 0.08046875
3 0.49947916666666664 0.720703125 0.057291666666666664 0.08046875
3 0.5598958333333334 0.7113281250000001 0.057291666666666664 0.08046875
3 0.6182291666666666 0.712890625 0.057291666666666664 0.08046875
2 0.3890625 0.849609375 0.059375 0.08515625
2 0.4484375 0.8464843750000001 0.059375 0.08515625
2 0.5015625 0.8441406250000001 0.04895833333333333 0.08359375000000001
2 0.5526041666666667 0.8441406250000001 0.04895833333333333 0.08359375000000001
2 0.6057291666666667 0.843359375 0.04895833333333333 0.08359375000000001
