0 0.33489583333333334 0.43281250000000004 0.053125 0.1265625
0 0.39791666666666664 0.45234375000000004 0.06458333333333333 0.1265625
0 0.471875 0.47382812500000004 0.08125 0.13671875
0 0.5494791666666666 0.479296875 0.06979166666666667 0.11484375000000001
1 0.30052083333333335 0.583203125 0.040625 0.11640625
1 0.3515625 0.603125 0.05520833333333333 0.1171875
1 0.42083333333333334 0.6171875 0.07291666666666667 0.1203125
1 0.4921875 0.62421875 0.06354166666666666 0.1015625
1 0.2838541666666667 0.7203125 0.065625 0.09062500000000001
1 0.3463541666666667 0.727734375 0.057291666666666664 0.09609375
1 0.40781249999999997 0.74140625 0.06354166666666666 0.09531250000000001
1 0.47031249999999997 0.740234375 0.057291666666666664 0.09609375
0 0.6338541666666666 0.46406250000000004 0.042708333333333334 0.10625000000000001
