0 0.2739583333333333 0.44960937500000003 0.06666666666666667 0.10703125000000001
0 0.3359375 0.441015625 0.06979166666666667 0.11171875
0 0.39427083333333335 0.439453125 0.046875 0.11171875
0 0.44427083333333334 0.44179687500000003 0.053125 0.11953125
0 0.4973958333333333 0.435546875 0.04895833333333333 0.11640625
1 0.2708333333333333 0.638671875 0.06875 0.08984375
1 0.3380208333333333 0.62109375 0.065625 0.0921875
3 0.3953125 0.6078125000000001 0.04895833333333333 0.09375
3 0.44114583333333335 0.602734375 0.051041666666666666 0.09453125000000001
3 0.4901041666666667 0.5886718750000001 0.046875 0.09765625
2 0.28802083333333334 0.7855468750000001 0.06354166666666666 0.10546875
2 0.3453125 0.759375 0.05520833333333333 0.08750000000000001
2 0.3963541666666667 0.753515625 0.05520833333333333 0.10234375000000001
2 0.4401041666666667 0.734375 0.04479166666666667 0.1078125
2 0.4817708333333333 0.73046875 0.046875 0.1265625
