3 0.30104166666666665 0.26406250000000003 0.022916666666666665 0.0546875
3 0.32760416666666664 0.26484375 0.028125 0.0546875
3 0.3598958333333333 0.265625 0.028125 0.0546875
3 0.5239583333333333 0.24375000000000002 0.0375 0.07187500000000001
3 0.55625 0.242578125 0.027083333333333334 0.07265625
3 0.44375 0.34687500000000004 0.027083333333333334 0.065625
3 0.46979166666666666 0.34765625 0.025 0.06406250000000001
3 0.496875 0.35078125000000004 0.027083333333333334 0.0671875
3 0.5291666666666667 0.35234375 0.035416666666666666 0.0671875
1 0.2739583333333333 0.37226562500000004 0.027083333333333334 0.049218750000000006
1 0.30104166666666665 0.373046875 0.027083333333333334 0.049218750000000006
1 0.3307291666666667 0.37226562500000004 0.030208333333333334 0.049218750000000006
1 0.35885416666666664 0.37148437500000003 0.028125 0.049218750000000006
3 0.18802083333333333 0.45937500000000003 0.030208333333333334 0.060937500000000006
3 0.21197916666666666 0.46640625 0.019791666666666666 0.0625
3 0.23072916666666665 0.46953125 0.019791666666666666 0.0625
3 0.24947916666666667 0.47265625 0.019791666666666666 0.0625
3 0.2713541666666667 0.478515625 0.02395833333333333 0.06484375
3 0.2942708333333333 0.482421875 0.02395833333333333 0.06484375
3 0.3182291666666667 0.48671875000000003 0.026041666666666668 0.06406250000000001
3 0.3442708333333333 0.49140625000000004 0.026041666666666668 0.06406250000000001
3 0.3677083333333333 0.494921875 0.022916666666666665 0.06328125
3 0.390625 0.498828125 0.022916666666666665 0.06328125
3 0.4166666666666667 0.508203125 0.029166666666666667 0.06953125
3 0.44479166666666664 0.512890625 0.029166666666666667 0.06953125
3 0.47239583333333335 0.5183593750000001 0.030208333333333334 0.07265625
3 0.50625 0.52265625 0.035416666666666666 0.07500000000000001
3 0.5375 0.516015625 0.029166666666666667 0.07109375
3 0.5046875 0.586328125 0.034375 0.049218750000000006
3 0.47239583333333335 0.579296875 0.028125 0.05078125
3 0.4453125 0.574609375 0.028125 0.05078125
3 0.23072916666666665 0.519921875 0.021875 0.04296875
3 0.25364583333333335 0.526953125 0.021875 0.04296875
3 0.27447916666666666 0.530859375 0.021875 0.04296875
3 0.29635416666666664 0.538671875 0.021875 0.04296875
3 0.3208333333333333 0.542578125 0.025 0.04453125
3 0.34479166666666666 0.548828125 0.022916666666666665 0.04453125
3 0.36875 0.5535156250000001 0.022916666666666665 0.04453125
3 0.39375 0.56171875 0.027083333333333334 0.05
3 0.41875 0.56953125 0.022916666666666665 0.05
3 0.665625 0.47109375000000003 0.029166666666666667 0.05625
