0 0.5369791666666667 0.4126953125 0.08229166666666667 0.181640625
0 0.6234375 0.40078125000000003 0.10208333333333333 0.1703125
0 0.7184895833333333 0.392578125 0.08802083333333333 0.16171875000000002
0 0.80234375 0.38203125000000004 0.07864583333333333 0.1609375
0 0.8752604166666667 0.369921875 0.0703125 0.14453125
1 0.49166666666666664 0.6941406250000001 0.10416666666666667 0.12421875
1 0.58359375 0.6720703125 0.08177083333333333 0.126953125
1 0.6619791666666667 0.6498046875000001 0.075 0.119140625
1 0.7296875 0.6318359375 0.06145833333333333 0.114453125
0 0.79140625 0.6136718750000001 0.0640625 0.11093750000000001
3 0.47682291666666665 0.8849609375 0.10052083333333334 0.098046875
3 0.5619791666666667 0.859375 0.06770833333333333 0.09843750000000001
3 0.628125 0.8330078125 0.065625 0.098828125
3 0.6830729166666667 0.8093750000000001 0.04739583333333333 0.09375
3 0.7380208333333333 0.7876953125 0.06145833333333333 0.094140625
