1 0.3104166666666667 0.41640625000000003 0.1 0.1328125
1 0.4083333333333333 0.41718750000000004 0.09166666666666666 0.1375
0 0.490625 0.41484375 0.0875 0.13593750000000002
0 0.5760416666666667 0.41250000000000003 0.07916666666666666 0.134375
0 0.6619791666666667 0.4140625 0.084375 0.134375
3 0.3385416666666667 0.626953125 0.08541666666666667 0.11328125
3 0.41354166666666664 0.624609375 0.07708333333333334 0.11171875
3 0.49635416666666665 0.624609375 0.08020833333333333 0.12109375
3 0.5770833333333333 0.6253906250000001 0.07291666666666667 0.10703125000000001
3 0.6385416666666667 0.6332031250000001 0.06041666666666667 0.11953125
