3 0.5669270833333333 0.37578125 0.08072916666666667 0.12421875
3 0.6401041666666667 0.3609375 0.065625 0.12109375
3 0.696875 0.3501953125 0.04791666666666666 0.117578125
3 0.7494791666666667 0.33925781250000003 0.05625 0.113671875
3 0.7955729166666666 0.33046875000000003 0.03802083333333333 0.11484375000000001
3 0.8390624999999999 0.3201171875 0.04583333333333333 0.106640625
0 0.55703125 0.569921875 0.06927083333333334 0.0890625
0 0.6216145833333333 0.54921875 0.058854166666666666 0.08750000000000001
0 0.671875 0.536328125 0.042708333333333334 0.08515625
0 0.7145833333333333 0.52265625 0.042708333333333334 0.08515625
0 0.553125 0.7130859375 0.06458333333333333 0.078515625
0 0.6046875 0.6953125 0.03854166666666667 0.07421875
0 0.6424479166666667 0.6771484375000001 0.034895833333333334 0.071484375
1 0.6830729166666667 0.6623046875 0.043229166666666666 0.072265625
3 0.54609375 0.83984375 0.06197916666666667 0.06484375
3 0.5953125 0.8181640625000001 0.03854166666666667 0.065234375
3 0.6346354166666667 0.79609375 0.0390625 0.05625
3 0.6729166666666666 0.7779296875 0.036458333333333336 0.051171875000000006
3 0.7127604166666667 0.7527343750000001 0.04114583333333333 0.05078125
