2 0.28854166666666664 0.388671875 0.10104166666666667 0.18906250000000002
2 0.38203125 0.3837890625 0.08489583333333334 0.18867187500000002
2 0.46041666666666664 0.38007812500000004 0.07604166666666666 0.19062500000000002
1 0.5950520833333334 0.3904296875 0.0796875 0.12460937500000001
1 0.6635416666666667 0.3837890625 0.059375 0.115234375
2 0.27369791666666665 0.6107421875000001 0.09322916666666667 0.13398437500000002
2 0.36276041666666664 0.5958984375 0.0828125 0.137109375
2 0.43984375 0.58359375 0.0703125 0.13671875
2 0.5072916666666667 0.573828125 0.059375 0.13125
2 0.56484375 0.5593750000000001 0.05572916666666666 0.11953125
2 0.6244791666666667 0.5457031250000001 0.06041666666666667 0.11406250000000001
2 0.26796875 0.7736328125 0.08072916666666667 0.10507812500000001
2 0.34010416666666665 0.7562500000000001 0.06354166666666666 0.10078125
2 0.40130208333333334 0.739453125 0.06197916666666667 0.09375
2 0.46041666666666664 0.7255859375 0.057291666666666664 0.09335937500000001
2 0.5153645833333333 0.7130859375 0.0515625 0.09257812500000001
2 0.5651041666666666 0.6990234375000001 0.04791666666666666 0.08554687500000001
2 0.25625 0.9005859375 0.071875 0.07695312500000001
2 0.3221354166666667 0.8837890625 0.0609375 0.079296875
2 0.3776041666666667 0.8621093750000001 0.053125 0.06406250000000001
2 0.4375 0.8408203125 0.06354166666666666 0.06992187500000001
2 0.49322916666666666 0.8234375 0.05 0.0625
2 0.5395833333333333 0.8083984375000001 0.04479166666666667 0.058984375000000006
1 0.5221354166666666 0.39589843750000003 0.0796875 0.12460937500000001
