0 0.4265625 0.3955078125 0.052083333333333336 0.080078125
0 0.4796875 0.3970703125 0.052083333333333336 0.080078125
0 0.5338541666666666 0.3990234375 0.052083333333333336 0.080078125
0 0.58046875 0.39765625000000004 0.0421875 0.08750000000000001
0 0.3984375 0.50234375 0.04375 0.08281250000000001
0 0.44557291666666665 0.5111328125 0.04739583333333333 0.078515625
0 0.4934895833333333 0.5146484375 0.04739583333333333 0.078515625
0 0.5466145833333333 0.5173828125000001 0.04739583333333333 0.078515625
0 0.5901041666666667 0.5033203125 0.041666666666666664 0.07695312500000001
1 0.40572916666666664 0.6091796875000001 0.041666666666666664 0.082421875
1 0.4510416666666667 0.6150390625000001 0.04479166666666667 0.074609375
1 0.496875 0.6197265625 0.04479166666666667 0.074609375
1 0.54375 0.6201171875 0.04479166666666667 0.074609375
1 0.5807291666666666 0.606640625 0.028125 0.0765625
2 0.4161458333333333 0.7273437500000001 0.036458333333333336 0.10078125
2 0.45546875 0.7375 0.044270833333333336 0.09765625
2 0.49973958333333335 0.73984375 0.044270833333333336 0.09765625
2 0.5466145833333333 0.7367187500000001 0.044270833333333336 0.09765625
2 0.58203125 0.7173828125 0.028645833333333332 0.09335937500000001
