3 0.3352631578947368 0.1879382889200561 0.03894736842105263 0.13183730715287517
3 0.3731578947368421 0.1935483870967742 0.03894736842105263 0.13183730715287517
3 0.4131578947368421 0.19775596072931276 0.03894736842105263 0.13183730715287517
3 0.45421052631578945 0.20196353436185133 0.03894736842105263 0.13183730715287517
3 0.5831578947368421 0.2573632538569425 0.03789473684210526 0.10518934081346423
3 0.6189473684210526 0.2678821879382889 0.031578947368421054 0.10659186535764376
3 0.6505263157894736 0.270687237026648 0.031578947368421054 0.10659186535764376
3 0.6831578947368421 0.273492286115007 0.031578947368421054 0.10659186535764376
3 0.33052631578947367 0.37447405329593264 0.035789473684210524 0.12061711079943899
3 0.3663157894736842 0.37868162692847124 0.035789473684210524 0.12061711079943899
3 0.4031578947368421 0.38288920056100983 0.035789473684210524 0.12061711079943899
3 0.4357894736842105 0.38359046283309955 0.029473684210526315 0.11640953716690042
3 0.47578947368421054 0.40042075736325383 0.031578947368421054 0.10518934081346423
3 0.5063157894736842 0.4032258064516129 0.031578947368421054 0.10518934081346423
3 0.533157894736842 0.4060308555399719 0.02 0.10799438990182328
3 0.25526315789473686 0.6816269284712482 0.0431578947368421 0.13464235624123422
3 0.29736842105263156 0.6774193548387096 0.03894736842105263 0.12903225806451613
3 0.3394736842105263 0.6788218793828892 0.03684210526315789 0.12903225806451613
3 0.4468421052631579 0.6697054698457223 0.03263157894736842 0.12201963534361851
3 0.4805263157894737 0.6725105189340813 0.03263157894736842 0.12201963534361851
3 0.5152631578947369 0.6697054698457223 0.03263157894736842 0.12201963534361851
3 0.5499999999999999 0.6697054698457223 0.03263157894736842 0.12201963534361851
3 0.5805263157894737 0.6683029453015428 0.03263157894736842 0.12201963534361851
3 0.6142105263157894 0.6725105189340813 0.03263157894736842 0.12201963534361851
3 0.6489473684210526 0.6626928471248247 0.03263157894736842 0.12201963534361851
3 0.6778947368421052 0.6661991584852734 0.02526315789473684 0.12061711079943899
3 0.7063157894736842 0.6605890603085554 0.02526315789473684 0.12061711079943899
1 0.5689473684210526 0.43899018232819076 0.02631578947368421 0.10378681626928471
1 0.5973684210526315 0.45582047685834504 0.02631578947368421 0.10378681626928471
1 0.6268421052631579 0.4628330995792426 0.02631578947368421 0.10378681626928471
1 0.6573684210526316 0.4698457223001402 0.02631578947368421 0.10378681626928471
1 0.6857894736842105 0.4642356241234221 0.02631578947368421 0.10378681626928471
3 0.4763157894736842 0.7755960729312763 0.030526315789473683 0.08695652173913043
3 0.5057894736842106 0.7741935483870968 0.030526315789473683 0.08695652173913043
3 0.5405263157894736 0.7713884992987377 0.030526315789473683 0.08695652173913043
3 0.57 0.7671809256661991 0.030526315789473683 0.08695652173913043
3 0.6026315789473684 0.7629733520336606 0.030526315789473683 0.08695652173913043
3 0.6352631578947369 0.7657784011220197 0.030526315789473683 0.08695652173913043
3 0.6647368421052632 0.758765778401122 0.030526315789473683 0.08695652173913043
3 0.6973684210526315 0.7601683029453015 0.030526315789473683 0.08695652173913043
3 0.7252631578947368 0.7559607293127629 0.023157894736842106 0.07573632538569425
3 0.7526315789473684 0.7531556802244039 0.023157894736842106 0.07573632538569425
3 0.7789473684210526 0.7489481065918653 0.023157894736842106 0.07573632538569425
3 0.8094736842105263 0.7461430575035063 0.029473684210526315 0.07573632538569425
0 0.7578947368421053 0.6661991584852734 0.027368421052631577 0.09256661991584852
0 0.7852631578947368 0.6633941093969145 0.027368421052631577 0.09256661991584852
0 0.8126315789473684 0.6591865357643758 0.027368421052631577 0.09256661991584852
3 0.25105263157894736 0.4831697054698457 0.034736842105263156 0.09396914446002805
3 0.28368421052631576 0.48597475455820477 0.034736842105263156 0.09957924263674614
