3 0.25026041666666665 0.36152343750000004 0.08489583333333334 0.139453125
3 0.3307291666666667 0.359375 0.08020833333333333 0.13671875
3 0.4109375 0.36367187500000003 0.08020833333333333 0.13671875
1 0.49296875 0.3716796875 0.07552083333333333 0.12460937500000001
1 0.5684895833333333 0.37246093750000003 0.07552083333333333 0.12460937500000001
1 0.6450520833333333 0.3755859375 0.07552083333333333 0.12460937500000001
2 0.2640625 0.55234375 0.07708333333333334 0.1328125
2 0.3390625 0.554296875 0.07708333333333334 0.1328125
2 0.4109375 0.555859375 0.071875 0.13046875
2 0.48151041666666666 0.5552734375 0.0671875 0.131640625
2 0.5528645833333333 0.5576171875 0.07135416666666666 0.132421875
2 0.6247395833333333 0.5615234375 0.07135416666666666 0.133203125
2 0.290625 0.7228515625 0.06354166666666666 0.10820312500000001
2 0.3546875 0.7232421875 0.06354166666666666 0.10820312500000001
2 0.4203125 0.7224609375000001 0.06354166666666666 0.10820312500000001
2 0.48593749999999997 0.7236328125 0.06354166666666666 0.10820312500000001
2 0.5494791666666666 0.7236328125 0.06354166666666666 0.10820312500000001
2 0.6151041666666667 0.7240234375000001 0.06354166666666666 0.10820312500000001
2 0.29921875 0.8619140625 0.05364583333333333 0.09257812500000001
2 0.35546875 0.8583984375 0.05364583333333333 0.09257812500000001
2 0.41171874999999997 0.8603515625 0.05364583333333333 0.09257812500000001
2 0.46848958333333335 0.8619140625 0.05364583333333333 0.09257812500000001
2 0.52734375 0.8626953125000001 0.05364583333333333 0.09257812500000001
2 0.58515625 0.8638671875 0.05364583333333333 0.09257812500000001
