0 0.278125 0.396484375 0.07708333333333334 0.11953125
0 0.3546875 0.3984375 0.08229166666666667 0.1265625
0 0.44114583333333335 0.39765625000000004 0.08229166666666667 0.1265625
0 0.5182291666666666 0.40078125000000003 0.08229166666666667 0.1265625
0 0.5942708333333333 0.3984375 0.08229166666666667 0.1265625
3 0.30104166666666665 0.60703125 0.07083333333333333 0.1
3 0.3697916666666667 0.6062500000000001 0.07083333333333333 0.1
3 0.44375 0.60859375 0.07083333333333333 0.1
3 0.32447916666666665 0.76875 0.065625 0.084375
3 0.38385416666666666 0.765625 0.065625 0.084375
3 0.5036458333333333 0.765625 0.065625 0.084375
3 0.5703125 0.7664062500000001 0.065625 0.084375
1 0.5807291666666666 0.6062500000000001 0.071875 0.09375
1 0.5078125 0.6039062500000001 0.071875 0.09375
