0 0.32916666666666666 0.366015625 0.06041666666666667 0.09140625000000001
0 0.37916666666666665 0.377734375 0.06041666666666667 0.09140625000000001
0 0.434375 0.38906250000000003 0.058333333333333334 0.096875
0 0.4895833333333333 0.38828125 0.06041666666666667 0.0859375
0 0.5489583333333333 0.38984375000000004 0.052083333333333336 0.09062500000000001
1 0.38645833333333335 0.5183593750000001 0.05416666666666667 0.08515625
1 0.4395833333333333 0.519140625 0.05416666666666667 0.08515625
1 0.490625 0.516796875 0.05416666666666667 0.08515625
1 0.3411458333333333 0.50625 0.04895833333333333 0.08125
1 0.303125 0.49062500000000003 0.05 0.0765625
3 0.275 0.591796875 0.04791666666666666 0.09453125000000001
3 0.4171875 0.6265625 0.053125 0.09062500000000001
3 0.46197916666666666 0.625 0.053125 0.09062500000000001
2 0.24895833333333334 0.7265625 0.058333333333333334 0.1046875
3 0.32708333333333334 0.5964843750000001 0.04583333333333333 0.07578125000000001
3 0.3703125 0.6203125 0.040625 0.078125
1 0.53125 0.5109375 0.03125 0.09375
