2 0.2796875 0.38046875 0.10520833333333333 0.20625000000000002
2 0.3755208333333333 0.38007812500000004 0.096875 0.19765625
2 0.46510416666666665 0.378515625 0.096875 0.19765625
2 0.5505208333333333 0.3796875 0.096875 0.2078125
2 0.6401041666666667 0.38046875 0.096875 0.2078125
2 0.7328125 0.38125000000000003 0.10729166666666666 0.1921875
2 0.28854166666666664 0.6121093750000001 0.0875 0.15078125
2 0.371875 0.614453125 0.0875 0.15078125
2 0.44895833333333335 0.612890625 0.0875 0.15078125
2 0.525 0.610546875 0.0875 0.15078125
2 0.6130208333333333 0.608984375 0.08229166666666667 0.14921875
2 0.6901041666666666 0.608984375 0.08229166666666667 0.14921875
