0 0.36822916666666666 0.370703125 0.06354166666666666 0.10546875
0 0.4359375 0.369140625 0.06979166666666667 0.11484375000000001
0 0.49635416666666665 0.37226562500000004 0.06354166666666666 0.10546875
0 0.5515625 0.369140625 0.05520833333333333 0.10859375
0 0.6005208333333333 0.35273437500000004 0.06354166666666666 0.11640625
0 0.3421875 0.509765625 0.06145833333333333 0.10234375000000001
0 0.4005208333333333 0.5183593750000001 0.05520833333333333 0.09765625
0 0.46822916666666664 0.523828125 0.06770833333333333 0.09296875
1 0.3578125 0.6296875000000001 0.06770833333333333 0.08750000000000001
1 0.41822916666666665 0.649609375 0.057291666666666664 0.11171875
1 0.46822916666666664 0.6492187500000001 0.059375 0.10312500000000001
1 0.5192708333333333 0.637890625 0.059375 0.08828125
1 0.5609375 0.6394531250000001 0.053125 0.10390625
2 0.4796875 0.794921875 0.051041666666666666 0.10859375
2 0.5255208333333333 0.775 0.05520833333333333 0.1234375
2 0.4036458333333333 0.782421875 0.053125 0.10859375
2 0.3536458333333333 0.7742187500000001 0.05520833333333333 0.1375
