1 0.23477406679764243 0.34167893961708395 0.03339882121807465 0.07069219440353461
1 0.2681728880157171 0.3431516936671576 0.03732809430255402 0.07069219440353461
1 0.3055009823182711 0.3431516936671576 0.03732809430255402 0.07069219440353461
1 0.34577603143418467 0.34167893961708395 0.03929273084479371 0.07069219440353461
1 0.38506876227897835 0.3402061855670103 0.03929273084479371 0.07069219440353461
1 0.5609037328094302 0.3019145802650957 0.03339882121807465 0.05891016200294551
1 0.5923379174852652 0.29896907216494845 0.02554027504911591 0.05596465390279823
1 0.6168958742632612 0.29896907216494845 0.023575638506876224 0.061855670103092786
1 0.6424361493123771 0.2974963181148748 0.023575638506876224 0.06480117820324005
1 0.5677799607072691 0.4020618556701031 0.03143418467583497 0.05596465390279823
1 0.537328094302554 0.39248895434462444 0.021611001964636542 0.060382916053019146
1 0.5972495088408644 0.39690721649484534 0.023575638506876224 0.054491899852724596
1 0.6198428290766208 0.3939617083946981 0.021611001964636542 0.05154639175257732
1 0.643418467583497 0.38807069219440354 0.02554027504911591 0.054491899852724596
2 0.19744597249508838 0.4624447717231222 0.03339882121807465 0.09425625920471281
2 0.23182711198428288 0.46759941089838 0.03929273084479371 0.101620029455081
2 0.2730844793713163 0.46612665684830634 0.03929273084479371 0.101620029455081
2 0.31237721021611 0.4646539027982327 0.03929273084479371 0.101620029455081
2 0.3516699410609037 0.4617083946980854 0.03929273084479371 0.101620029455081
2 0.3929273084479371 0.45581737849779086 0.03929273084479371 0.101620029455081
3 0.4106090373280943 0.601620029455081 0.043222003929273084 0.07511045655375552
3 0.4852652259332023 0.5802650957290132 0.03536345776031434 0.07658321060382917
3 0.6277013752455796 0.5257731958762887 0.029469548133595282 0.061855670103092786
2 0.31139489194499015 0.7209131075110456 0.03732809430255402 0.09867452135493372
2 0.3506876227897839 0.7106038291605302 0.03732809430255402 0.09867452135493372
2 0.3860510805500982 0.7017673048600883 0.03732809430255402 0.09867452135493372
2 0.4194499017681729 0.6899852724594993 0.03732809430255402 0.09867452135493372
3 0.5923379174852652 0.6296023564064801 0.03339882121807465 0.06921944035346098
3 0.6168958742632612 0.6192930780559647 0.023575638506876224 0.06921944035346098
3 0.6424361493123771 0.6104565537555228 0.023575638506876224 0.06921944035346098
3 0.6679764243614931 0.6001472754050073 0.023575638506876224 0.06921944035346098
3 0.6895874263261296 0.5957290132547864 0.023575638506876224 0.06921944035346098
3 0.7092337917485265 0.5898379970544919 0.023575638506876224 0.06921944035346098
3 0.6787819253438113 0.5139911634756995 0.021611001964636542 0.061855670103092786
