0 0.21458333333333332 0.41054687500000003 0.0875 0.12421875
0 0.2994791666666667 0.40664062500000003 0.090625 0.12265625000000001
0 0.38229166666666664 0.413671875 0.07916666666666666 0.12421875
0 0.465625 0.41640625000000003 0.09166666666666666 0.1296875
0 0.5473958333333333 0.41796875 0.08020833333333333 0.1328125
1 0.2604166666666667 0.62109375 0.07291666666666667 0.09531250000000001
1 0.3359375 0.62421875 0.07395833333333333 0.1015625
3 0.4036458333333333 0.6214843750000001 0.065625 0.10859375
3 0.475 0.623046875 0.06875 0.10859375
3 0.5432291666666667 0.624609375 0.071875 0.11484375000000001
2 0.28802083333333334 0.7855468750000001 0.07604166666666666 0.10546875
2 0.3567708333333333 0.7878906250000001 0.065625 0.11015625000000001
2 0.41875 0.786328125 0.07083333333333333 0.10703125000000001
2 0.4864583333333333 0.7894531250000001 0.075 0.10703125000000001
2 0.5484375 0.786328125 0.06145833333333333 0.10078125
