0 0.3323567708333333 0.386962890625 0.07747395833333333 0.11962890625
0 0.4130859375 0.387451171875 0.07747395833333333 0.11962890625
0 0.4944661458333333 0.390380859375 0.07747395833333333 0.11962890625
0 0.5719401041666666 0.387939453125 0.07747395833333333 0.11962890625
0 0.6484375 0.38818359375 0.07291666666666666 0.1171875
1 0.34244791666666663 0.592529296875 0.06640625 0.08837890625
1 0.4114583333333333 0.589599609375 0.06640625 0.08837890625
1 0.47916666666666663 0.584716796875 0.06640625 0.08837890625
3 0.5413411458333333 0.58203125 0.052734375 0.0927734375
3 0.6077473958333333 0.5859375 0.05794270833333333 0.0966796875
3 0.3486328125 0.744873046875 0.048828125 0.08251953125
3 0.4072265625 0.739990234375 0.048828125 0.08251953125
3 0.4658203125 0.739013671875 0.048828125 0.08251953125
3 0.5276692708333333 0.736572265625 0.048828125 0.08251953125
3 0.5895182291666666 0.730224609375 0.048828125 0.08251953125
2 0.3460286458333333 0.86328125 0.051432291666666664 0.0771484375
2 0.40397135416666663 0.8642578125 0.051432291666666664 0.0771484375
2 0.46061197916666663 0.86328125 0.051432291666666664 0.0771484375
2 0.5126953125 0.8544921875 0.051432291666666664 0.0771484375
2 0.5732421875 0.85107421875 0.051432291666666664 0.0771484375
