0 0.3260416666666667 0.46601562500000004 0.03333333333333333 0.06328125
0 0.36041666666666666 0.46210937500000004 0.03333333333333333 0.06328125
0 0.39479166666666665 0.46328125000000003 0.035416666666666666 0.06406250000000001
0 0.4302083333333333 0.463671875 0.035416666666666666 0.06796875000000001
0 0.2786458333333333 0.5886718750000001 0.021875 0.06796875000000001
0 0.4609375 0.46210937500000004 0.030208333333333334 0.06640625
0 0.30416666666666664 0.590234375 0.03125 0.06953125
0 0.33697916666666666 0.5886718750000001 0.034375 0.06796875000000001
0 0.375 0.5890625 0.04375 0.06875
0 0.4166666666666667 0.5867187500000001 0.03958333333333333 0.0671875
0 0.45625 0.5847656250000001 0.0375 0.06484375
3 0.5213541666666667 0.44570312500000003 0.026041666666666668 0.055468750000000004
3 0.5484375 0.44648437500000004 0.026041666666666668 0.055468750000000004
3 0.5276041666666667 0.524609375 0.026041666666666668 0.055468750000000004
3 0.5734375 0.444921875 0.026041666666666668 0.055468750000000004
3 0.5546875 0.527734375 0.026041666666666668 0.055468750000000004
3 0.5817708333333333 0.526953125 0.026041666666666668 0.055468750000000004
3 0.46041666666666664 0.66328125 0.03125 0.0625
3 0.490625 0.66328125 0.03125 0.0625
3 0.5223958333333333 0.6648437500000001 0.030208333333333334 0.0625
1 0.12864583333333332 0.7359375 0.03229166666666666 0.060937500000000006
1 0.27708333333333335 0.7605468750000001 0.027083333333333334 0.06484375
1 0.3052083333333333 0.761328125 0.027083333333333334 0.06484375
1 0.3333333333333333 0.7660156250000001 0.027083333333333334 0.06484375
1 0.3625 0.7699218750000001 0.029166666666666667 0.06328125
1 0.3927083333333333 0.7757812500000001 0.03333333333333333 0.06875
1 0.4270833333333333 0.78046875 0.03333333333333333 0.06875
1 0.46041666666666664 0.784375 0.03333333333333333 0.06875
1 0.49583333333333335 0.78828125 0.03333333333333333 0.06875
1 0.5286458333333334 0.794140625 0.034375 0.07578125000000001
1 0.56875 0.798828125 0.041666666666666664 0.08046875
3 0.5822916666666667 0.6566406250000001 0.03333333333333333 0.06328125
