3 0.265625 0.240234375 0.027083333333333334 0.09140625000000001
3 0.29635416666666664 0.24140625000000002 0.03229166666666666 0.09375
3 0.33489583333333334 0.24335937500000002 0.046875 0.09609375
3 0.3765625 0.242578125 0.036458333333333336 0.09453125000000001
3 0.409375 0.24335937500000002 0.035416666666666666 0.09140625000000001
3 0.44479166666666664 0.24335937500000002 0.035416666666666666 0.09140625000000001
3 0.5145833333333333 0.2703125 0.035416666666666666 0.0703125
3 0.5520833333333334 0.26640625 0.035416666666666666 0.0703125
3 0.5875 0.265625 0.035416666666666666 0.0703125
3 0.3390625 0.384375 0.046875 0.08750000000000001
3 0.38125 0.3796875 0.041666666666666664 0.0859375
3 0.4171875 0.3765625 0.034375 0.084375
3 0.4505208333333333 0.375 0.034375 0.084375
3 0.5072916666666667 0.390625 0.035416666666666666 0.06875
3 0.54375 0.38906250000000003 0.035416666666666666 0.06875
3 0.578125 0.38984375000000004 0.035416666666666666 0.06875
3 0.6145833333333334 0.390625 0.035416666666666666 0.06875
3 0.1578125 0.538671875 0.036458333333333336 0.07578125000000001
3 0.334375 0.60078125 0.0375 0.09843750000000001
3 0.3776041666666667 0.608984375 0.051041666666666666 0.09921875000000001
3 0.4421875 0.609375 0.04895833333333333 0.1
3 0.325 0.673828125 0.04583333333333333 0.06640625
3 0.3729166666666667 0.6957031250000001 0.04583333333333333 0.06640625
3 0.42083333333333334 0.693359375 0.04583333333333333 0.06640625
3 0.6119791666666666 0.53828125 0.028125 0.078125
3 0.6411458333333333 0.53046875 0.028125 0.078125
3 0.6682291666666667 0.521875 0.028125 0.078125
3 0.7109375 0.509375 0.028125 0.078125
3 0.7364583333333333 0.49843750000000003 0.022916666666666665 0.0765625
3 0.18802083333333333 0.554296875 0.026041666666666668 0.08046875
3 0.21614583333333334 0.556640625 0.026041666666666668 0.08046875
3 0.24739583333333334 0.566015625 0.030208333333333334 0.08515625
3 0.2765625 0.5808593750000001 0.028125 0.09609375
3 0.3046875 0.587890625 0.028125 0.09609375
3 0.6171875 0.611328125 0.02395833333333333 0.055468750000000004
3 0.6380208333333334 0.602734375 0.02395833333333333 0.055468750000000004
3 0.6734375 0.5859375 0.026041666666666668 0.05
3 0.6984375 0.5789062500000001 0.026041666666666668 0.05
3 0.7197916666666666 0.56640625 0.022916666666666665 0.0484375
