0 0.35572916666666665 0.41640625000000003 0.059375 0.09843750000000001
0 0.40989583333333335 0.42265625 0.059375 0.09843750000000001
0 0.4661458333333333 0.4296875 0.059375 0.09843750000000001
0 0.5203125 0.43281250000000004 0.059375 0.09843750000000001
0 0.5776041666666667 0.4390625 0.059375 0.09843750000000001
3 0.3734375 0.58203125 0.04895833333333333 0.07968750000000001
3 0.4203125 0.59140625 0.04895833333333333 0.07968750000000001
3 0.46822916666666664 0.6015625 0.04895833333333333 0.07968750000000001
1 0.5208333333333334 0.615234375 0.058333333333333334 0.08984375
1 0.5739583333333333 0.626953125 0.058333333333333334 0.08984375
