0 0.3927083333333333 0.3931640625 0.04583333333333333 0.076171875
0 0.4421875 0.39277343750000004 0.04583333333333333 0.076171875
0 0.49322916666666666 0.3931640625 0.04583333333333333 0.076171875
0 0.54375 0.39394531250000003 0.04583333333333333 0.076171875
0 0.5979166666666667 0.3962890625 0.04583333333333333 0.076171875
3 0.3963541666666667 0.5345703125 0.041666666666666664 0.063671875
3 0.4421875 0.534765625 0.040625 0.06484375
1 0.4875 0.5357421875 0.03854166666666667 0.065234375
1 0.5408854166666667 0.5349609375000001 0.0515625 0.066796875
1 0.5869791666666666 0.5357421875 0.04375 0.06601562500000001
3 0.3984375 0.6576171875000001 0.041666666666666664 0.063671875
3 0.44427083333333334 0.6564453125 0.041666666666666664 0.063671875
3 0.4864583333333333 0.6560546875000001 0.041666666666666664 0.063671875
3 0.5348958333333333 0.6544921875 0.041666666666666664 0.063671875
3 0.578125 0.6537109375000001 0.041666666666666664 0.063671875
2 0.3971354166666667 0.7607421875 0.0390625 0.066796875
2 0.43776041666666665 0.7591796875000001 0.0390625 0.066796875
2 0.4783854166666667 0.7568359375 0.0390625 0.066796875
2 0.5263020833333333 0.7580078125 0.0390625 0.066796875
2 0.56796875 0.7560546875 0.0390625 0.066796875
