0 0.278125 0.33320312500000004 0.06458333333333333 0.12578125
0 0.346875 0.33242187500000003 0.06458333333333333 0.12578125
0 0.421875 0.33671875 0.06666666666666667 0.12187500000000001
0 0.49895833333333334 0.340625 0.06666666666666667 0.12187500000000001
0 0.5713541666666666 0.34804687500000003 0.078125 0.12265625000000001
1 0.278125 0.5437500000000001 0.07291666666666667 0.1046875
1 0.3416666666666667 0.54296875 0.07291666666666667 0.1046875
1 0.41875 0.55078125 0.07291666666666667 0.1046875
1 0.48541666666666666 0.55 0.07291666666666667 0.1046875
1 0.553125 0.55078125 0.07291666666666667 0.1046875
3 0.28020833333333334 0.7175781250000001 0.06041666666666667 0.09453125000000001
3 0.340625 0.716015625 0.06041666666666667 0.09453125000000001
3 0.4041666666666667 0.7175781250000001 0.06041666666666667 0.09453125000000001
3 0.46770833333333334 0.720703125 0.06041666666666667 0.09453125000000001
3 0.534375 0.723828125 0.06041666666666667 0.09453125000000001
2 0.2786458333333333 0.859375 0.059375 0.09843750000000001
2 0.33697916666666666 0.8617187500000001 0.059375 0.09843750000000001
2 0.39427083333333335 0.86328125 0.059375 0.09843750000000001
2 0.45260416666666664 0.86484375 0.059375 0.09843750000000001
2 0.5109375 0.8671875 0.059375 0.09843750000000001
