3 0.14609375 0.333984375 0.08385416666666666 0.146875
3 0.23463541666666665 0.33242187500000003 0.08385416666666666 0.146875
3 0.40989583333333335 0.32441406250000004 0.08333333333333333 0.16132812500000002
3 0.4947916666666667 0.32363281250000003 0.08333333333333333 0.16132812500000002
0 0.32395833333333335 0.33203125 0.084375 0.14609375
0 0.17786458333333333 0.582421875 0.07760416666666667 0.11640625
0 0.26328125 0.584375 0.07760416666666667 0.11640625
0 0.34296875 0.5808593750000001 0.07760416666666667 0.11640625
0 0.42213541666666665 0.5789062500000001 0.07760416666666667 0.11640625
0 0.4979166666666667 0.5789062500000001 0.07083333333333333 0.11406250000000001
0 0.20911458333333333 0.7833984375 0.06510416666666667 0.098046875
0 0.28151041666666665 0.7791015625000001 0.06510416666666667 0.098046875
1 0.35703125 0.7763671875 0.06510416666666667 0.098046875
1 0.4278645833333333 0.7755859375 0.06510416666666667 0.098046875
1 0.49609375 0.7736328125 0.06510416666666667 0.098046875
2 0.22317708333333333 0.9310546875000001 0.06614583333333333 0.10820312500000001
2 0.28880208333333335 0.9294921875000001 0.06614583333333333 0.10820312500000001
2 0.3580729166666667 0.9291015625000001 0.06614583333333333 0.10820312500000001
2 0.42213541666666665 0.9298828125 0.06614583333333333 0.10820312500000001
2 0.4908854166666667 0.9275390625000001 0.06614583333333333 0.10820312500000001
