3 0.3703125 0.29335937500000003 0.046875 0.10078125
3 0.4109375 0.28554687500000003 0.03854166666666667 0.09140625000000001
3 0.45260416666666664 0.287109375 0.04895833333333333 0.11328125
3 0.5005208333333333 0.276953125 0.059375 0.11171875
3 0.5682291666666667 0.28945312500000003 0.059375 0.08984375
0 0.3692708333333333 0.42109375000000004 0.04479166666666667 0.08125
0 0.4109375 0.4234375 0.042708333333333334 0.0921875
0 0.45677083333333335 0.43085937500000004 0.04479166666666667 0.10078125
0 0.490625 0.4296875 0.027083333333333334 0.0765625
0 0.5322916666666666 0.42890625000000004 0.05625 0.09062500000000001
0 0.5880208333333333 0.41718750000000004 0.05520833333333333 0.0578125
1 0.3609375 0.54453125 0.040625 0.08281250000000001
1 0.39739583333333334 0.55 0.036458333333333336 0.09062500000000001
1 0.4328125 0.546484375 0.046875 0.10234375000000001
1 0.4817708333333333 0.5632812500000001 0.059375 0.084375
1 0.53125 0.562109375 0.04791666666666666 0.10234375000000001
1 0.5744791666666667 0.5535156250000001 0.03854166666666667 0.11015625000000001
2 0.3932291666666667 0.7113281250000001 0.053125 0.13203125000000002
2 0.44427083333333334 0.720703125 0.06145833333333333 0.12890625
2 0.4953125 0.719921875 0.06145833333333333 0.13671875
2 0.5442708333333334 0.720703125 0.06145833333333333 0.12890625
