0 0.26197916666666665 0.34921875 0.042708333333333334 0.10312500000000001
0 0.321875 0.370703125 0.05625 0.11171875
0 0.3807291666666667 0.369921875 0.057291666666666664 0.11015625000000001
0 0.4317708333333333 0.36835937500000004 0.053125 0.11328125
0 0.48802083333333335 0.366796875 0.05520833333333333 0.11015625000000001
3 0.2640625 0.486328125 0.05520833333333333 0.11015625000000001
3 0.31614583333333335 0.494140625 0.04895833333333333 0.11328125
3 0.3765625 0.49765625 0.057291666666666664 0.109375
3 0.4421875 0.50234375 0.065625 0.1
3 0.4953125 0.494140625 0.053125 0.11015625000000001
1 0.24947916666666667 0.598828125 0.046875 0.09296875
1 0.2911458333333333 0.62109375 0.04479166666666667 0.1046875
1 0.3380208333333333 0.628515625 0.04895833333333333 0.10078125
1 0.39010416666666664 0.6292968750000001 0.046875 0.09296875
1 0.44427083333333334 0.62109375 0.04479166666666667 0.09531250000000001
1 0.48385416666666664 0.61875 0.042708333333333334 0.096875
2 0.40781249999999997 0.758984375 0.04895833333333333 0.11015625000000001
2 0.4640625 0.744140625 0.05520833333333333 0.11484375000000001
2 0.2755208333333333 0.749609375 0.059375 0.12578125
