0 0.21145833333333333 0.392578125 0.08541666666666667 0.12265625000000001
0 0.2921875 0.393359375 0.08020833333333333 0.13046875
0 0.3614583333333333 0.400390625 0.07916666666666666 0.12890625
0 0.4380208333333333 0.401953125 0.06979166666666667 0.12265625000000001
0 0.51875 0.404296875 0.0875 0.13359375
1 0.23906249999999998 0.6062500000000001 0.07604166666666666 0.09375
1 0.30885416666666665 0.6019531250000001 0.06770833333333333 0.09921875000000001
1 0.3802083333333333 0.605078125 0.06666666666666667 0.09921875000000001
3 0.4505208333333333 0.606640625 0.06145833333333333 0.11484375000000001
3 0.5119791666666667 0.602734375 0.06979166666666667 0.11328125
3 0.2546875 0.77265625 0.07395833333333333 0.09843750000000001
3 0.3130208333333333 0.7718750000000001 0.06354166666666666 0.10312500000000001
3 0.37604166666666666 0.7742187500000001 0.075 0.11093750000000001
3 0.4401041666666667 0.7800781250000001 0.06979166666666667 0.11328125
3 0.5057291666666667 0.783203125 0.06979166666666667 0.11328125
2 0.26875 0.908203125 0.06458333333333333 0.10234375000000001
2 0.32708333333333334 0.9089843750000001 0.07083333333333333 0.09765625
2 0.38697916666666665 0.912109375 0.06979166666666667 0.09765625
2 0.4401041666666667 0.916015625 0.06979166666666667 0.09296875
2 0.4984375 0.915625 0.06354166666666666 0.09062500000000001
