1 0.2994791666666667 0.362890625 0.057291666666666664 0.10546875
1 0.3390625 0.37226562500000004 0.03854166666666667 0.10859375
1 0.3776041666666667 0.37539062500000003 0.051041666666666666 0.10546875
1 0.44114583333333335 0.3765625 0.071875 0.10312500000000001
1 0.5057291666666667 0.37343750000000003 0.057291666666666664 0.1
1 0.5546875 0.370703125 0.04479166666666667 0.10234375000000001
1 0.5890625 0.36054687500000004 0.04479166666666667 0.10390625
0 0.30364583333333334 0.49765625 0.040625 0.09375
0 0.3390625 0.515234375 0.034375 0.10078125
0 0.37395833333333334 0.5222656250000001 0.05416666666666667 0.10546875
0 0.43072916666666666 0.517578125 0.051041666666666666 0.08984375
0 0.48385416666666664 0.523046875 0.06354166666666666 0.11015625000000001
0 0.5369791666666667 0.5144531250000001 0.046875 0.10546875
0 0.5713541666666666 0.5007812500000001 0.036458333333333336 0.084375
0 0.34010416666666665 0.6371093750000001 0.036458333333333336 0.09921875000000001
0 0.3890625 0.6531250000000001 0.057291666666666664 0.09843750000000001
0 0.45677083333333335 0.6507812500000001 0.04895833333333333 0.096875
0 0.5005208333333333 0.6433593750000001 0.042708333333333334 0.09921875000000001
0 0.5421875 0.6316406250000001 0.04479166666666667 0.10703125000000001
2 0.3286458333333333 0.751171875 0.051041666666666666 0.11015625000000001
2 0.36614583333333334 0.784765625 0.03854166666666667 0.11953125
2 0.4109375 0.7878906250000001 0.051041666666666666 0.10390625
2 0.45989583333333334 0.784765625 0.042708333333333334 0.10390625
2 0.5130208333333334 0.784765625 0.059375 0.11328125
2 0.5442708333333334 0.751953125 0.036458333333333336 0.09921875000000001
