1 0.3296875 0.4060546875 0.0375 0.062109375
1 0.3692708333333333 0.40371093750000003 0.0375 0.062109375
1 0.4083333333333333 0.4021484375 0.0375 0.062109375
1 0.4473958333333333 0.40175781250000003 0.0375 0.062109375
1 0.4864583333333333 0.4033203125 0.0375 0.062109375
1 0.48359375 0.5140625 0.0359375 0.059375000000000004
3 0.33307291666666666 0.5203125000000001 0.034895833333333334 0.05625
3 0.37213541666666666 0.51875 0.034895833333333334 0.05625
3 0.40963541666666664 0.516796875 0.034895833333333334 0.05625
3 0.44609375 0.515234375 0.034895833333333334 0.05625
3 0.33880208333333334 0.62265625 0.033854166666666664 0.0578125
3 0.3768229166666667 0.6218750000000001 0.033854166666666664 0.0578125
3 0.4127604166666667 0.6171875 0.033854166666666664 0.0578125
3 0.4471354166666667 0.6160156250000001 0.033854166666666664 0.0578125
3 0.48203124999999997 0.6140625000000001 0.033854166666666664 0.0578125
2 0.33984375 0.7132812500000001 0.04635416666666667 0.065625
2 0.38046875 0.7115234375 0.0328125 0.066796875
2 0.41432291666666665 0.7087890625000001 0.0328125 0.066796875
2 0.4471354166666667 0.7060546875 0.0328125 0.066796875
2 0.47994791666666664 0.7029296875000001 0.0328125 0.066796875
