3 0.23789473684210527 0.26125592417061616 0.04631578947368421 0.07938388625592417
3 0.2905263157894737 0.2618483412322275 0.05052631578947368 0.07819905213270142
3 0.3463157894736842 0.2624407582938389 0.05263157894736842 0.07701421800947868
3 0.3957894736842105 0.2624407582938389 0.05052631578947368 0.07701421800947868
3 0.671578947368421 0.23992890995260666 0.05052631578947368 0.07701421800947868
3 0.7221052631578947 0.2387440758293839 0.05052631578947368 0.07701421800947868
3 0.7652631578947369 0.23815165876777253 0.035789473684210524 0.07345971563981044
3 0.7989473684210526 0.23578199052132703 0.035789473684210524 0.07345971563981044
3 0.6757894736842105 0.34656398104265407 0.04631578947368421 0.06990521327014218
3 0.7189473684210527 0.3412322274881517 0.04 0.06635071090047394
3 0.7557894736842105 0.3370853080568721 0.03368421052631579 0.06516587677725119
3 0.7873684210526316 0.3382701421800948 0.03368421052631579 0.06516587677725119
3 0.15473684210526314 0.39988151658767773 0.04 0.07938388625592417
3 0.1968421052631579 0.4010663507109005 0.04 0.07938388625592417
1 0.24947368421052632 0.4105450236966825 0.05263157894736842 0.07227488151658769
1 0.3021052631578947 0.41172985781990523 0.05263157894736842 0.07227488151658769
1 0.35473684210526313 0.4105450236966825 0.05263157894736842 0.07227488151658769
1 0.4010526315789474 0.4052132701421801 0.04 0.06635071090047394
1 0.43473684210526314 0.3992890995260664 0.035789473684210524 0.06872037914691943
1 0.25157894736842107 0.5633886255924171 0.04842105263157895 0.07701421800947868
1 0.3063157894736842 0.5574644549763034 0.056842105263157895 0.07464454976303318
1 0.3631578947368421 0.5479857819905214 0.056842105263157895 0.07464454976303318
1 0.41578947368421054 0.5414691943127963 0.04421052631578947 0.07109004739336494
1 0.45999999999999996 0.5355450236966826 0.04421052631578947 0.07109004739336494
1 0.5063157894736842 0.5296208530805687 0.04421052631578947 0.07109004739336494
1 0.5526315789473684 0.5225118483412323 0.04421052631578947 0.07109004739336494
1 0.6010526315789474 0.5189573459715641 0.04421052631578947 0.07109004739336494
1 0.2768421052631579 0.648696682464455 0.056842105263157895 0.07938388625592417
1 0.32842105263157895 0.6415876777251185 0.04631578947368421 0.07938388625592417
3 0.6368421052631579 0.512440758293839 0.035789473684210524 0.07464454976303318
3 0.6705263157894736 0.5065165876777251 0.035789473684210524 0.07464454976303318
3 0.708421052631579 0.5029620853080569 0.035789473684210524 0.07464454976303318
3 0.7505263157894737 0.49822274881516593 0.035789473684210524 0.07464454976303318
3 0.7905263157894736 0.49348341232227494 0.035789473684210524 0.07464454976303318
3 0.8242105263157895 0.4911137440758294 0.035789473684210524 0.07464454976303318
3 0.8578947368421053 0.4851895734597157 0.035789473684210524 0.07464454976303318
3 0.8957894736842105 0.4792654028436019 0.035789473684210524 0.07464454976303318
3 0.9210526315789473 0.5491706161137441 0.035789473684210524 0.07464454976303318
3 0.883157894736842 0.5550947867298579 0.035789473684210524 0.07464454976303318
3 0.8473684210526315 0.5598341232227488 0.035789473684210524 0.07464454976303318
3 0.8136842105263158 0.5657582938388626 0.035789473684210524 0.07464454976303318
3 0.7736842105263158 0.5716824644549764 0.04 0.07464454976303318
3 0.7357894736842105 0.5752369668246446 0.035789473684210524 0.07464454976303318
3 0.6978947368421052 0.582345971563981 0.035789473684210524 0.07464454976303318
3 0.6568421052631579 0.5870853080568721 0.042105263157894736 0.07227488151658769
0 0.5715789473684211 0.6030805687203792 0.04 0.06635071090047394
0 0.611578947368421 0.5965639810426541 0.04 0.06990521327014218
