0 0.3768229166666667 0.36542968750000004 0.0828125 0.137109375
0 0.4544270833333333 0.3583984375 0.07447916666666667 0.134765625
0 0.52265625 0.3515625 0.059895833333333336 0.12734375
0 0.5815104166666667 0.34804687500000003 0.059895833333333336 0.12734375
0 0.6393229166666666 0.34140625 0.05677083333333333 0.11875000000000001
1 0.38567708333333334 0.6037109375 0.08385416666666666 0.10898437500000001
1 0.45807291666666666 0.5857421875000001 0.0609375 0.105859375
1 0.5125 0.5744140625 0.051041666666666666 0.10507812500000001
1 0.5690104166666666 0.55703125 0.059895833333333336 0.10390625
1 0.6200520833333333 0.5447265625000001 0.0453125 0.094140625
3 0.39296875 0.7878906250000001 0.06927083333333334 0.09921875000000001
3 0.4544270833333333 0.7671875 0.05364583333333333 0.1
3 0.5080729166666667 0.7449218750000001 0.05364583333333333 0.09765625
3 0.5559895833333334 0.727734375 0.043229166666666666 0.09453125000000001
3 0.6013020833333333 0.71875 0.043229166666666666 0.09453125000000001
2 0.39817708333333335 0.9357421875 0.07447916666666667 0.09335937500000001
2 0.46510416666666665 0.905859375 0.05625 0.09140625000000001
2 0.51796875 0.8845703125000001 0.04739583333333333 0.087890625
2 0.5625 0.8640625000000001 0.041666666666666664 0.0859375
2 0.6026041666666666 0.84140625 0.0375 0.08203125
