1 0.5184895833333333 0.380859375 0.057812499999999996 0.08671875000000001
1 0.5893229166666667 0.3630859375 0.0328125 0.07382812500000001
0 0.5609375 0.36757812500000003 0.03229166666666666 0.07109375
0 0.6247395833333333 0.36074218750000003 0.0328125 0.07382812500000001
0 0.6559895833333333 0.35761718750000004 0.0328125 0.07382812500000001
2 0.51875 0.499609375 0.06354166666666666 0.09296875
2 0.5588541666666667 0.48984375 0.03229166666666666 0.084375
2 0.5921875 0.48164062500000004 0.03229166666666666 0.084375
2 0.62734375 0.462890625 0.0390625 0.10859375
2 0.5143229166666666 0.618359375 0.05260416666666667 0.0703125
2 0.5559895833333334 0.6083984375 0.030729166666666665 0.072265625
2 0.5869791666666666 0.598828125 0.03125 0.07500000000000001
2 0.6177083333333333 0.5857421875000001 0.029166666666666667 0.075390625
2 0.6489583333333333 0.5750000000000001 0.03854166666666667 0.0734375
2 0.5114583333333333 0.7289062500000001 0.051041666666666666 0.0671875
2 0.5559895833333334 0.7123046875000001 0.03697916666666667 0.065234375
2 0.5856770833333333 0.6986328125000001 0.028645833333333332 0.063671875
2 0.6135416666666667 0.6869140625000001 0.029166666666666667 0.062109375
2 0.63671875 0.6763671875 0.028645833333333332 0.060546875
1 0.49140625 0.3603515625 0.04635416666666667 0.07382812500000001
