3 0.2703252032520326 0.4024390243902439 0.03658536585365854 0.07621951219512195
3 0.30792682926829273 0.40015243902439024 0.03861788617886179 0.07164634146341464
3 0.34959349593495936 0.39939024390243905 0.04065040650406505 0.07317073170731708
3 0.28150406504065045 0.5114329268292683 0.034552845528455285 0.06859756097560976
3 0.39430894308943093 0.3978658536585366 0.04471544715447155 0.07621951219512195
3 0.31808943089430897 0.5099085365853658 0.03861788617886179 0.06554878048780488
3 0.3607723577235773 0.5114329268292683 0.03861788617886179 0.06554878048780488
3 0.4054878048780488 0.5099085365853658 0.03861788617886179 0.06554878048780488
3 0.5640243902439025 0.41158536585365857 0.026422764227642278 0.06402439024390244
3 0.5934959349593496 0.41539634146341464 0.02845528455284553 0.06554878048780488
3 0.6290650406504066 0.4161585365853659 0.034552845528455285 0.06402439024390244
3 0.6676829268292683 0.4161585365853659 0.03861788617886179 0.06707317073170732
3 0.7073170731707318 0.4138719512195122 0.04065040650406505 0.07164634146341464
3 0.7378048780487806 0.413109756097561 0.020325203252032523 0.0701219512195122
3 0.5802845528455285 0.5396341463414634 0.026422764227642278 0.0701219512195122
3 0.6107723577235773 0.5434451219512195 0.034552845528455285 0.07164634146341464
3 0.649390243902439 0.5480182926829269 0.034552845528455285 0.07164634146341464
3 0.6880081300813009 0.5480182926829269 0.034552845528455285 0.07164634146341464
3 0.7266260162601627 0.544969512195122 0.034552845528455285 0.07164634146341464
3 0.7611788617886179 0.5403963414634146 0.030487804878048783 0.07164634146341464
3 0.7896341463414634 0.5396341463414634 0.026422764227642278 0.0701219512195122
3 0.3201219512195122 0.7195121951219512 0.03861788617886179 0.0701219512195122
3 0.3638211382113822 0.7202743902439025 0.04065040650406505 0.07164634146341464
3 0.40650406504065045 0.7088414634146342 0.04065040650406505 0.08231707317073171
3 0.44918699186991873 0.708079268292683 0.03658536585365854 0.08384146341463415
3 0.49186991869918706 0.7073170731707318 0.04065040650406505 0.08536585365853659
3 0.5345528455284554 0.7088414634146342 0.04065040650406505 0.08536585365853659
3 0.5782520325203253 0.708079268292683 0.042682926829268296 0.08384146341463415
3 0.6209349593495935 0.7050304878048781 0.042682926829268296 0.08384146341463415
3 0.6656504065040652 0.7065548780487805 0.0467479674796748 0.08689024390243903
3 0.7113821138211383 0.7073170731707318 0.04471544715447155 0.08536585365853659
3 0.7042682926829269 0.7850609756097561 0.0467479674796748 0.06707317073170732
3 0.6615853658536586 0.7850609756097561 0.0467479674796748 0.06707317073170732
3 0.6199186991869919 0.7865853658536586 0.04471544715447155 0.06707317073170732
3 0.5772357723577236 0.7850609756097561 0.04471544715447155 0.06707317073170732
3 0.5345528455284554 0.7850609756097561 0.04471544715447155 0.06707317073170732
3 0.49186991869918706 0.7850609756097561 0.04471544715447155 0.06707317073170732
3 0.44918699186991873 0.7842987804878049 0.04065040650406505 0.06554878048780488
1 0.2296747967479675 0.7202743902439025 0.04471544715447155 0.07164634146341464
1 0.27439024390243905 0.7202743902439025 0.04471544715447155 0.07164634146341464
3 0.29369918699187 0.6097560975609756 0.034552845528455285 0.06707317073170732
3 0.32825203252032525 0.6089939024390244 0.042682926829268296 0.06554878048780488
3 0.366869918699187 0.6082317073170732 0.03861788617886179 0.06707317073170732
2 0.7510162601626017 0.7736280487804879 0.03861788617886179 0.09298780487804878
2 0.7916666666666667 0.7736280487804879 0.03861788617886179 0.09298780487804878
2 0.8343495934959351 0.7751524390243902 0.03861788617886179 0.09298780487804878
3 0.4054878048780488 0.6067073170731707 0.03861788617886179 0.06707317073170732
