3 0.2968036529680365 0.397039897039897 0.0319634703196347 0.047619047619047616
3 0.33105022831050224 0.3944658944658945 0.0319634703196347 0.047619047619047616
3 0.36757990867579904 0.3918918918918919 0.0319634703196347 0.047619047619047616
1 0.4143835616438356 0.3494208494208494 0.02054794520547945 0.05276705276705276
1 0.4463470319634703 0.3494208494208494 0.03424657534246575 0.05791505791505791
1 0.4840182648401826 0.3513513513513513 0.0365296803652968 0.056628056628056624
1 0.5251141552511416 0.3507078507078507 0.0410958904109589 0.05534105534105534
1 0.567351598173516 0.3507078507078507 0.03881278538812785 0.060489060489060484
1 0.6027397260273972 0.3487773487773488 0.0319634703196347 0.0592020592020592
2 0.41666666666666663 0.4453024453024453 0.02511415525114155 0.07207207207207207
2 0.4463470319634703 0.44916344916344914 0.02968036529680365 0.07464607464607464
2 0.478310502283105 0.453024453024453 0.03424657534246575 0.07464607464607464
2 0.5148401826484018 0.4517374517374517 0.04337899543378995 0.07464607464607464
2 0.5582191780821918 0.453024453024453 0.04337899543378995 0.07464607464607464
2 0.6004566210045662 0.45109395109395106 0.0410958904109589 0.07335907335907335
2 0.636986301369863 0.44787644787644787 0.0365296803652968 0.07722007722007722
3 0.3093607305936073 0.4736164736164736 0.03881278538812785 0.04118404118404118
3 0.341324200913242 0.4697554697554697 0.02968036529680365 0.043758043758043756
3 0.3687214611872146 0.4671814671814672 0.02968036529680365 0.043758043758043756
3 0.3378995433789954 0.6338481338481339 0.045662100456621 0.06306306306306306
3 0.6700913242009132 0.5797940797940798 0.02968036529680365 0.05276705276705276
3 0.6997716894977168 0.575933075933076 0.02968036529680365 0.05276705276705276
3 0.7591324200913242 0.5669240669240669 0.02968036529680365 0.05019305019305019
3 0.728310502283105 0.5694980694980695 0.0319634703196347 0.05019305019305019
3 0.7888127853881278 0.5592020592020592 0.02968036529680365 0.05019305019305019
3 0.8184931506849314 0.5553410553410553 0.02968036529680365 0.05019305019305019
