3 0.35189573459715645 0.2570093457943925 0.04028436018957346 0.06008010680907877
3 0.3898104265402844 0.2570093457943925 0.04028436018957346 0.06008010680907877
3 0.5177725118483413 0.27703604806408544 0.04028436018957346 0.06809078771695594
3 0.4774881516587678 0.27703604806408544 0.04028436018957346 0.06809078771695594
3 0.5722748815165877 0.27703604806408544 0.04976303317535545 0.06809078771695594
3 0.6267772511848342 0.27837116154873165 0.04976303317535545 0.06809078771695594
3 0.6777251184834123 0.27636849132176233 0.047393364928909956 0.06408544726301735
3 0.3874407582938389 0.34979973297730305 0.04028436018957346 0.05874499332443257
3 0.35189573459715645 0.34979973297730305 0.04028436018957346 0.05874499332443257
3 0.31161137440758296 0.34979973297730305 0.04028436018957346 0.05874499332443257
3 0.3127962085308057 0.4439252336448598 0.037914691943127965 0.04939919893190921
3 0.35071090047393366 0.438584779706275 0.037914691943127965 0.04939919893190921
3 0.3886255924170616 0.43591455273698265 0.037914691943127965 0.04939919893190921
2 0.4727488151658768 0.40186915887850466 0.03554502369668247 0.09612817089452604
2 0.5130331753554502 0.403871829105474 0.04502369668246446 0.09479305740987984
2 0.561611374407583 0.40520694259012013 0.05213270142180095 0.09212283044058744
2 0.6113744075829385 0.40520694259012013 0.05213270142180095 0.09212283044058744
2 0.6635071090047394 0.40520694259012013 0.05213270142180095 0.09212283044058744
2 0.7393364928909953 0.40253671562082777 0.037914691943127965 0.08945260347129506
2 0.7002369668246446 0.40053404539385845 0.04028436018957346 0.09345794392523364
3 0.3246445497630332 0.6281708945260347 0.05213270142180095 0.08411214953271028
3 0.6172985781990522 0.5914552736982643 0.04502369668246446 0.0774365821094793
3 0.6623222748815166 0.5887850467289719 0.04502369668246446 0.0774365821094793
3 0.7049763033175356 0.5861148197596796 0.04502369668246446 0.0774365821094793
3 0.7428909952606636 0.5807743658210948 0.04028436018957346 0.07476635514018691
3 0.854265402843602 0.562082777036048 0.03554502369668247 0.06675567423230974
3 0.7760663507109006 0.5714285714285714 0.04028436018957346 0.07476635514018691
3 0.811611374407583 0.5660881174899867 0.04028436018957346 0.07209612817089453
3 0.8909952606635072 0.5627503337783711 0.03317535545023697 0.06809078771695594
3 0.9241706161137442 0.5574098798397864 0.03317535545023697 0.06809078771695594
