3 0.34479166666666666 0.3779296875 0.06875 0.123046875
3 0.4145833333333333 0.3755859375 0.06875 0.123046875
3 0.4901041666666667 0.3767578125 0.06875 0.123046875
3 0.5666666666666667 0.3779296875 0.06875 0.123046875
3 0.6390625 0.3794921875 0.06875 0.123046875
0 0.36744791666666665 0.5701171875000001 0.059895833333333336 0.08164062500000001
0 0.42994791666666665 0.571875 0.059895833333333336 0.0859375
0 0.49192708333333335 0.5730468750000001 0.059895833333333336 0.0859375
0 0.5622395833333333 0.573828125 0.059895833333333336 0.0859375
0 0.6263020833333334 0.57421875 0.059895833333333336 0.0859375
1 0.38359375 0.718359375 0.0546875 0.0671875
1 0.44453125 0.718359375 0.0546875 0.0671875
1 0.5033854166666667 0.7203125 0.0546875 0.0671875
3 0.5588541666666667 0.7197265625 0.046875 0.072265625
3 0.6177083333333333 0.7232421875 0.046875 0.072265625
2 0.40078125 0.8291015625 0.050520833333333334 0.071484375
2 0.45078124999999997 0.8302734375 0.050520833333333334 0.071484375
2 0.5059895833333333 0.8337890625000001 0.050520833333333334 0.071484375
2 0.5596354166666666 0.8361328125 0.050520833333333334 0.071484375
2 0.6122395833333333 0.8353515625000001 0.04739583333333333 0.046484375
