3 0.2015625 0.34785156250000004 0.08958333333333333 0.158203125
3 0.2942708333333333 0.34980468750000004 0.08958333333333333 0.158203125
3 0.38229166666666664 0.3525390625 0.08854166666666667 0.162109375
3 0.47239583333333335 0.3564453125 0.08854166666666667 0.162109375
3 0.5614583333333333 0.3580078125 0.08854166666666667 0.162109375
0 0.22734374999999998 0.5998046875 0.0859375 0.10898437500000001
0 0.3111979166666667 0.6025390625 0.07864583333333333 0.10898437500000001
0 0.38828125 0.6046875 0.07552083333333333 0.11093750000000001
0 0.46901041666666665 0.606640625 0.07552083333333333 0.11093750000000001
0 0.54453125 0.608984375 0.07552083333333333 0.11093750000000001
0 0.24895833333333334 0.7896484375 0.06875 0.091015625
0 0.3255208333333333 0.7919921875 0.06875 0.091015625
0 0.396875 0.7958984375 0.06875 0.091015625
0 0.46458333333333335 0.7970703125 0.06875 0.091015625
3 0.53515625 0.7958984375 0.06822916666666666 0.10039062500000001
2 0.2671875 0.9326171875 0.06145833333333333 0.087890625
2 0.32786458333333335 0.9337890625 0.058854166666666666 0.087890625
2 0.3927083333333333 0.937109375 0.0625 0.08750000000000001
2 0.52421875 0.940625 0.0640625 0.08281250000000001
