3 0.428125 0.22812500000000002 0.014583333333333334 0.037500000000000006
3 0.44375 0.22812500000000002 0.016666666666666666 0.035937500000000004
3 0.46249999999999997 0.22968750000000002 0.016666666666666666 0.035937500000000004
3 0.5067708333333333 0.22812500000000002 0.021875 0.045312500000000006
3 0.4822916666666667 0.22812500000000002 0.020833333333333332 0.0390625
3 0.609375 0.22421875000000002 0.016666666666666666 0.0390625
3 0.625 0.225 0.016666666666666666 0.0390625
3 0.6416666666666666 0.2265625 0.016666666666666666 0.0390625
3 0.6583333333333333 0.22578125000000002 0.016666666666666666 0.0390625
3 0.6729166666666666 0.22773437500000002 0.0125 0.03671875
3 0.40208333333333335 0.30117187500000003 0.0125 0.03671875
3 0.41822916666666665 0.30234375 0.015625 0.040625
3 0.4359375 0.30312500000000003 0.019791666666666666 0.0421875
3 0.4557291666666667 0.30625 0.019791666666666666 0.0421875
3 0.4765625 0.30625 0.019791666666666666 0.0421875
3 0.4973958333333333 0.30625 0.019791666666666666 0.0421875
3 0.4328125 0.36640625000000004 0.017708333333333333 0.0390625
3 0.48072916666666665 0.378515625 0.019791666666666666 0.04296875
3 0.49947916666666664 0.377734375 0.019791666666666666 0.04296875
3 0.5192708333333333 0.377734375 0.017708333333333333 0.039843750000000004
3 0.5380208333333333 0.37539062500000003 0.017708333333333333 0.039843750000000004
3 0.5848958333333333 0.37148437500000003 0.017708333333333333 0.039843750000000004
3 0.6286458333333333 0.369140625 0.017708333333333333 0.039843750000000004
3 0.553125 0.37421875000000004 0.0125 0.040625
3 0.5682291666666667 0.37265625 0.015625 0.040625
3 0.6005208333333333 0.37148437500000003 0.013541666666666667 0.039843750000000004
3 0.6130208333333333 0.369921875 0.013541666666666667 0.039843750000000004
3 0.6703125 0.36640625000000004 0.017708333333333333 0.037500000000000006
3 0.6421875 0.36835937500000004 0.013541666666666667 0.039843750000000004
3 0.6546875 0.365234375 0.013541666666666667 0.039843750000000004
3 0.684375 0.365234375 0.010416666666666666 0.03828125
3 0.6963541666666666 0.36445312500000004 0.013541666666666667 0.03671875
3 0.7098958333333333 0.362890625 0.013541666666666667 0.03671875
1 0.3911458333333333 0.362890625 0.017708333333333333 0.03515625
1 0.3963541666666667 0.39921875 0.015625 0.029687500000000002
3 0.4244791666666667 0.40546875000000004 0.011458333333333333 0.035937500000000004
3 0.43697916666666664 0.4078125 0.011458333333333333 0.035937500000000004
3 0.4473958333333333 0.4109375 0.011458333333333333 0.035937500000000004
3 0.4588541666666667 0.41484375 0.011458333333333333 0.035937500000000004
3 0.4734375 0.41914062500000004 0.015625 0.039843750000000004
3 0.49374999999999997 0.421875 0.022916666666666665 0.0421875
3 0.6010416666666667 0.41171875 0.016666666666666666 0.0390625
3 0.6302083333333334 0.40859375000000003 0.016666666666666666 0.0390625
3 0.6135416666666667 0.41015625 0.016666666666666666 0.0390625
3 0.6708333333333333 0.40390625 0.014583333333333334 0.035937500000000004
3 0.6432291666666666 0.40546875000000004 0.013541666666666667 0.037500000000000006
3 0.6557291666666667 0.40468750000000003 0.013541666666666667 0.037500000000000006
3 0.6854166666666667 0.40390625 0.014583333333333334 0.035937500000000004
3 0.6989583333333333 0.40234375 0.014583333333333334 0.035937500000000004
3 0.7145833333333333 0.40156250000000004 0.016666666666666666 0.037500000000000006
3 0.6046875 0.284375 0.011458333333333333 0.040625
3 0.6192708333333333 0.28359375000000003 0.015625 0.037500000000000006
3 0.63125 0.283984375 0.0125 0.03828125
3 0.6447916666666667 0.284375 0.014583333333333334 0.0390625
3 0.6604166666666667 0.28359375000000003 0.0125 0.037500000000000006
