0 0.55 0.41953125 0.05625 0.096875
0 0.6125 0.41484375 0.05625 0.096875
0 0.6645833333333333 0.41171875 0.05 0.09375
0 0.7114583333333333 0.40859375000000003 0.05 0.09375
0 0.7604166666666666 0.40703125 0.05 0.09375
1 0.5411458333333333 0.5964843750000001 0.04895833333333333 0.08671875000000001
1 0.5932291666666667 0.5886718750000001 0.051041666666666666 0.08203125
1 0.6401041666666667 0.58359375 0.04479166666666667 0.084375
1 0.6869791666666667 0.5750000000000001 0.040625 0.07500000000000001
1 0.7333333333333333 0.56953125 0.04583333333333333 0.08281250000000001
3 0.5286458333333334 0.74140625 0.053125 0.078125
3 0.6239583333333333 0.7210937500000001 0.03958333333333333 0.0765625
3 0.578125 0.7269531250000001 0.05 0.07734375
3 0.6723958333333333 0.712890625 0.042708333333333334 0.08203125
3 0.7151041666666667 0.7035156250000001 0.042708333333333334 0.08203125
2 0.571875 0.8500000000000001 0.04375 0.0734375
2 0.6125 0.83515625 0.04375 0.0734375
