1 0.09322916666666667 0.38125000000000003 0.06145833333333333 0.08750000000000001
1 0.14947916666666666 0.37890625 0.06770833333333333 0.0859375
1 0.2125 0.38046875 0.0625 0.08281250000000001
1 0.2546875 0.37890625 0.04479166666666667 0.0859375
0 0.10781249999999999 0.50234375 0.06145833333333333 0.07500000000000001
0 0.15989583333333332 0.5015625 0.05520833333333333 0.0734375
0 0.21197916666666666 0.50234375 0.057291666666666664 0.084375
0 0.26979166666666665 0.509375 0.052083333333333336 0.08281250000000001
0 0.1421875 0.6109375 0.07395833333333333 0.078125
0 0.21927083333333333 0.60859375 0.053125 0.0734375
2 0.15677083333333333 0.7390625000000001 0.06145833333333333 0.1015625
2 0.2109375 0.744140625 0.046875 0.11171875
2 0.26197916666666665 0.745703125 0.051041666666666666 0.10859375
