3 0.2557291666666667 0.3779296875 0.071875 0.11601562500000001
3 0.3263020833333333 0.3865234375 0.06614583333333333 0.118359375
3 0.39739583333333334 0.3873046875 0.07604166666666666 0.135546875
3 0.4744791666666667 0.3943359375 0.07604166666666666 0.135546875
3 0.5489583333333333 0.40371093750000003 0.06770833333333333 0.13398437500000002
3 0.2765625 0.5765625 0.065625 0.09531250000000001
3 0.3411458333333333 0.58828125 0.058333333333333334 0.09453125000000001
3 0.4 0.5908203125 0.058333333333333334 0.10117187500000001
3 0.4661458333333333 0.5994140625000001 0.05625 0.10429687500000001
3 0.5375 0.6101562500000001 0.08020833333333333 0.10234375000000001
0 0.29010416666666666 0.7298828125000001 0.053125 0.073046875
0 0.34322916666666664 0.7392578125 0.053125 0.073046875
0 0.39817708333333335 0.7509765625 0.05572916666666666 0.075390625
0 0.45703125 0.7650390625000001 0.058854166666666666 0.082421875
1 0.5174479166666667 0.7763671875 0.057812499999999996 0.078515625
2 0.30234375 0.8501953125 0.0453125 0.071484375
2 0.3481770833333333 0.8619140625 0.0453125 0.071484375
2 0.39557291666666666 0.8689453125000001 0.0453125 0.071484375
2 0.44869791666666664 0.8810546875 0.0453125 0.071484375
2 0.503125 0.88984375 0.05416666666666667 0.06796875000000001
