3 0.31979166666666664 0.24433593750000002 0.07083333333333333 0.143359375
3 0.39427083333333335 0.2451171875 0.07083333333333333 0.143359375
3 0.471875 0.24628906250000002 0.07083333333333333 0.143359375
3 0.5505208333333333 0.24628906250000002 0.07083333333333333 0.143359375
3 0.6302083333333334 0.24824218750000002 0.07083333333333333 0.143359375
3 0.32760416666666664 0.4830078125 0.06875 0.126953125
3 0.3989583333333333 0.48261718750000004 0.06875 0.126953125
3 0.4744791666666667 0.4822265625 0.06875 0.126953125
3 0.5421875 0.48183593750000003 0.06875 0.126953125
3 0.61328125 0.483203125 0.06614583333333333 0.12421875
2 0.3296875 0.6800781250000001 0.07083333333333333 0.1421875
2 0.3984375 0.679296875 0.06666666666666667 0.14296875
2 0.4661458333333333 0.677734375 0.06666666666666667 0.14296875
2 0.5307291666666667 0.676953125 0.06666666666666667 0.14296875
2 0.5994791666666667 0.6746093750000001 0.06666666666666667 0.14296875
2 0.33151041666666664 0.870703125 0.06510416666666667 0.13046875
2 0.3971354166666667 0.873046875 0.06510416666666667 0.13046875
2 0.46484375 0.8718750000000001 0.06510416666666667 0.13046875
2 0.5330729166666667 0.8718750000000001 0.06510416666666667 0.13046875
2 0.5971354166666667 0.87109375 0.06510416666666667 0.13046875
