0 0.23958333333333334 0.26699218750000003 0.053125 0.123046875
0 0.2890625 0.2810546875 0.053125 0.123046875
0 0.34270833333333334 0.2986328125 0.053125 0.123046875
1 0.3989583333333333 0.322265625 0.058333333333333334 0.13125
1 0.4731770833333333 0.34980468750000004 0.0921875 0.13789062500000002
2 0.24140625 0.45839843750000003 0.0515625 0.129296875
2 0.28359375 0.4830078125 0.0453125 0.131640625
2 0.4518229166666667 0.551953125 0.14635416666666667 0.0921875
2 0.4432291666666667 0.7271484375 0.08125 0.110546875
2 0.42890625 0.85703125 0.07447916666666667 0.08515625
