0 0.3341145833333333 0.38222656250000003 0.08072916666666667 0.131640625
0 0.42526041666666664 0.3845703125 0.08072916666666667 0.131640625
0 0.5018229166666667 0.3892578125 0.08072916666666667 0.131640625
0 0.5846354166666666 0.3884765625 0.08072916666666667 0.131640625
0 0.6684895833333333 0.3931640625 0.08072916666666667 0.131640625
0 0.75546875 0.39472656250000004 0.08072916666666667 0.131640625
1 0.3450520833333333 0.583203125 0.0734375 0.09296875
1 0.42265625 0.586328125 0.0734375 0.09296875
1 0.49192708333333335 0.5884765625 0.0671875 0.09726562500000001
1 0.5606770833333333 0.5923828125 0.0671875 0.09726562500000001
1 0.6278645833333333 0.5931640625 0.0671875 0.09726562500000001
1 0.7033854166666667 0.5939453125 0.0671875 0.09726562500000001
2 0.34348958333333335 0.7291015625 0.06822916666666666 0.105859375
2 0.41901041666666666 0.7283203125000001 0.06822916666666666 0.105859375
2 0.48984374999999997 0.7298828125000001 0.06822916666666666 0.105859375
2 0.5518229166666666 0.7310546875 0.059895833333333336 0.10507812500000001
2 0.6111979166666667 0.7279296875000001 0.059895833333333336 0.10507812500000001
2 0.67421875 0.7283203125000001 0.059895833333333336 0.10507812500000001
2 0.35390625 0.8525390625 0.06822916666666666 0.080078125
2 0.41484375 0.849609375 0.05677083333333333 0.07968750000000001
2 0.4752604166666667 0.846875 0.05677083333333333 0.07968750000000001
2 0.5325520833333334 0.8500000000000001 0.05677083333333333 0.07968750000000001
2 0.5888020833333333 0.8500000000000001 0.05677083333333333 0.07968750000000001
2 0.6471354166666666 0.8484375000000001 0.05677083333333333 0.07968750000000001
