1 0.3651041666666667 0.353125 0.053125 0.0921875
1 0.44427083333333334 0.362890625 0.06145833333333333 0.10234375000000001
1 0.49947916666666664 0.36367187500000003 0.04895833333333333 0.10390625
1 0.5567708333333333 0.35390625000000003 0.057291666666666664 0.09375
1 0.6078125 0.35781250000000003 0.04479166666666667 0.08281250000000001
1 0.640625 0.34140625 0.0375 0.08750000000000001
1 0.3609375 0.487109375 0.040625 0.10234375000000001
1 0.3963541666666667 0.49257812500000003 0.042708333333333334 0.10390625
1 0.43385416666666665 0.5015625 0.04895833333333333 0.0921875
1 0.4890625 0.50234375 0.053125 0.096875
1 0.5473958333333333 0.50546875 0.05520833333333333 0.1
1 0.5963541666666666 0.4890625 0.03854166666666667 0.0921875
1 0.6255208333333333 0.480078125 0.034375 0.08515625
3 0.37083333333333335 0.601171875 0.04583333333333333 0.11328125
3 0.40781249999999997 0.6171875 0.04479166666666667 0.109375
3 0.4536458333333333 0.622265625 0.051041666666666666 0.11015625000000001
3 0.5026041666666666 0.6179687500000001 0.06354166666666666 0.0921875
0 0.5546875 0.6203125 0.053125 0.1
0 0.5973958333333333 0.60546875 0.03229166666666666 0.09531250000000001
0 0.35885416666666664 0.7453125 0.036458333333333336 0.0734375
0 0.38645833333333335 0.7640625000000001 0.027083333333333334 0.09375
0 0.4203125 0.784375 0.04479166666666667 0.09062500000000001
0 0.45989583333333334 0.7816406250000001 0.05520833333333333 0.10078125
0 0.5119791666666667 0.7820312500000001 0.057291666666666664 0.0921875
0 0.5567708333333333 0.7765625 0.053125 0.08125
