1 0.3416666666666667 0.272265625 0.06666666666666667 0.12734375
1 0.4296875 0.28125 0.078125 0.1296875
1 0.5036458333333333 0.28359375000000003 0.078125 0.1296875
1 0.5755208333333334 0.2859375 0.078125 0.1296875
1 0.6494791666666666 0.29140625000000003 0.078125 0.1296875
1 0.7276041666666666 0.296484375 0.08229166666666667 0.12109375
2 0.34322916666666664 0.490234375 0.07395833333333333 0.17734375000000002
2 0.4171875 0.49335937500000004 0.07395833333333333 0.17734375000000002
2 0.4890625 0.49335937500000004 0.07395833333333333 0.17734375000000002
2 0.5598958333333334 0.494921875 0.07395833333333333 0.17734375000000002
2 0.6234375 0.49531250000000004 0.071875 0.17343750000000002
2 0.6958333333333333 0.498046875 0.075 0.16796875
2 0.353125 0.723828125 0.075 0.16796875
2 0.43645833333333334 0.7175781250000001 0.075 0.16796875
2 0.5114583333333333 0.714453125 0.075 0.16796875
2 0.5729166666666666 0.714453125 0.075 0.16796875
2 0.6395833333333333 0.7113281250000001 0.075 0.16796875
2 0.6994791666666667 0.7000000000000001 0.06770833333333333 0.15625
2 0.3515625 0.92734375 0.07604166666666666 0.1390625
2 0.4276041666666667 0.9234375 0.07604166666666666 0.1390625
2 0.4984375 0.9203125000000001 0.07604166666666666 0.1390625
