0 0.3265625 0.37578125 0.042708333333333334 0.09843750000000001
0 0.378125 0.3828125 0.0625 0.10312500000000001
0 0.4630208333333333 0.390234375 0.07395833333333333 0.10859375
0 0.5270833333333333 0.38671875 0.06666666666666667 0.09531250000000001
0 0.5838541666666667 0.3796875 0.051041666666666666 0.1
0 0.3619791666666667 0.516015625 0.06354166666666666 0.11171875
0 0.47604166666666664 0.5328125 0.0625 0.1
0 0.5338541666666666 0.5261718750000001 0.04895833333333333 0.09453125000000001
0 0.58125 0.520703125 0.041666666666666664 0.08984375
0 0.42291666666666666 0.513671875 0.058333333333333334 0.10078125
3 0.3770833333333333 0.6472656250000001 0.07291666666666667 0.10078125
3 0.46979166666666666 0.64609375 0.07083333333333333 0.096875
3 0.5380208333333333 0.642578125 0.053125 0.10078125
2 0.4192708333333333 0.7917968750000001 0.05520833333333333 0.10859375
2 0.36302083333333335 0.779296875 0.04479166666666667 0.10859375
2 0.475 0.800390625 0.06041666666666667 0.12890625
2 0.5390625 0.794140625 0.05520833333333333 0.11328125
