0 0.2505208333333333 0.386328125 0.065625 0.09921875000000001
0 0.30885416666666665 0.390234375 0.065625 0.09921875000000001
0 0.3723958333333333 0.39492187500000003 0.06979166666666667 0.10390625
0 0.4354166666666667 0.394140625 0.06458333333333333 0.10546875
0 0.48541666666666666 0.38593750000000004 0.052083333333333336 0.10312500000000001
0 0.5322916666666666 0.37812500000000004 0.052083333333333336 0.10312500000000001
0 0.26927083333333335 0.530859375 0.053125 0.09609375
0 0.3234375 0.534765625 0.06354166666666666 0.09453125000000001
0 0.3875 0.5437500000000001 0.06041666666666667 0.096875
1 0.44375 0.53828125 0.05625 0.1
1 0.49166666666666664 0.5296875 0.05625 0.1
1 0.5338541666666666 0.50625 0.04895833333333333 0.09062500000000001
1 0.309375 0.6507812500000001 0.058333333333333334 0.08750000000000001
1 0.3609375 0.6578125 0.057291666666666664 0.09375
1 0.4192708333333333 0.67109375 0.057291666666666664 0.09375
1 0.4708333333333333 0.65390625 0.05 0.0890625
1 0.5078125 0.63671875 0.04479166666666667 0.0859375
3 0.4140625 0.817578125 0.053125 0.09296875
3 0.46510416666666665 0.80625 0.053125 0.0859375
3 0.35885416666666664 0.808203125 0.04895833333333333 0.08515625
3 0.3130208333333333 0.794921875 0.04895833333333333 0.08515625
3 0.5026041666666666 0.784375 0.040625 0.084375
