3 0.32916666666666666 0.40859375000000003 0.05 0.0859375
3 0.3802083333333333 0.405859375 0.05 0.0859375
3 0.4302083333333333 0.40468750000000003 0.05 0.0859375
3 0.48072916666666665 0.40449218750000004 0.04583333333333333 0.087109375
3 0.5296875 0.404296875 0.05 0.0859375
3 0.5869791666666666 0.40351562500000004 0.05 0.0859375
0 0.35651041666666666 0.5462890625 0.044270833333333336 0.069140625
0 0.40182291666666664 0.5470703125 0.044270833333333336 0.069140625
0 0.44817708333333334 0.5455078125 0.044270833333333336 0.069140625
0 0.49453125 0.5447265625000001 0.044270833333333336 0.069140625
0 0.5403645833333334 0.5458984375 0.044270833333333336 0.069140625
0 0.5872395833333334 0.5451171875 0.044270833333333336 0.069140625
0 0.36875 0.6687500000000001 0.04479166666666667 0.06406250000000001
0 0.41770833333333335 0.667578125 0.04479166666666667 0.06406250000000001
1 0.4635416666666667 0.6664062500000001 0.04479166666666667 0.06406250000000001
1 0.5052083333333334 0.667578125 0.04479166666666667 0.06406250000000001
1 0.546875 0.666015625 0.04479166666666667 0.06406250000000001
1 0.5932291666666667 0.6644531250000001 0.04479166666666667 0.06406250000000001
2 0.3776041666666667 0.7658203125 0.042708333333333334 0.06992187500000001
2 0.42135416666666664 0.7673828125000001 0.042708333333333334 0.06992187500000001
2 0.46458333333333335 0.7671875 0.05 0.07187500000000001
2 0.5130208333333334 0.7660156250000001 0.04375 0.0703125
2 0.5549479166666667 0.7662109375 0.04010416666666666 0.072265625
2 0.59609375 0.7658203125 0.04010416666666666 0.072265625
