0 0.23177083333333334 0.41953125 0.07395833333333333 0.1234375
0 0.30833333333333335 0.41835937500000003 0.08333333333333333 0.12109375
0 0.384375 0.416015625 0.075 0.12265625000000001
0 0.4505208333333333 0.41484375 0.06979166666666667 0.1328125
0 0.5260416666666666 0.41132812500000004 0.07291666666666667 0.12578125
0 0.25885416666666666 0.623046875 0.06979166666666667 0.10546875
0 0.3333333333333333 0.6179687500000001 0.075 0.1046875
0 0.4005208333333333 0.6140625000000001 0.059375 0.10625000000000001
0 0.4588541666666667 0.61875 0.065625 0.1125
0 0.53125 0.6238281250000001 0.058333333333333334 0.11328125
1 0.2796875 0.7933593750000001 0.06354166666666666 0.08046875
1 0.3453125 0.790234375 0.06770833333333333 0.08671875000000001
1 0.4015625 0.790234375 0.057291666666666664 0.09296875
1 0.4588541666666667 0.7933593750000001 0.057291666666666664 0.08359375000000001
1 0.528125 0.7898437500000001 0.06458333333333333 0.0765625
2 0.29635416666666664 0.917578125 0.06354166666666666 0.09921875000000001
2 0.3536458333333333 0.9171875 0.05520833333333333 0.08750000000000001
2 0.4109375 0.921875 0.06354166666666666 0.096875
2 0.4588541666666667 0.9140625 0.06145833333333333 0.08750000000000001
2 0.5192708333333333 0.9187500000000001 0.059375 0.09375
