1 0.24148936170212768 0.36560000000000004 0.04468085106382979 0.0784
1 0.28829787234042553 0.3688 0.04468085106382979 0.0784
1 0.3351063829787234 0.3672 0.04468085106382979 0.0784
1 0.3819148936170213 0.3688 0.04468085106382979 0.0784
3 0.25106382978723407 0.4848 0.0425531914893617 0.08
3 0.2914893617021277 0.4864 0.0425531914893617 0.08
3 0.33191489361702126 0.4832 0.0425531914893617 0.08
3 0.37872340425531914 0.4848 0.0425531914893617 0.08
0 0.5659574468085107 0.3864 0.029787234042553193 0.0752
0 0.597872340425532 0.3936 0.03404255319148936 0.0736
0 0.6382978723404256 0.39440000000000003 0.0425531914893617 0.07200000000000001
0 0.6808510638297872 0.39440000000000003 0.0425531914893617 0.07200000000000001
0 0.7212765957446808 0.39280000000000004 0.03829787234042553 0.0752
0 0.5765957446808511 0.524 0.03404255319148936 0.0688
0 0.6085106382978723 0.5344 0.03404255319148936 0.07680000000000001
0 0.6468085106382979 0.54 0.0425531914893617 0.0752
0 0.6914893617021277 0.54 0.0425531914893617 0.0752
0 0.7319148936170213 0.54 0.0425531914893617 0.0752
0 0.7712765957446809 0.5368 0.03617021276595745 0.07200000000000001
1 0.19787234042553192 0.7176 0.0425531914893617 0.0816
1 0.24042553191489363 0.7160000000000001 0.0425531914893617 0.0816
3 0.2872340425531915 0.7168 0.05106382978723405 0.08320000000000001
3 0.3382978723404255 0.7168 0.05106382978723405 0.08320000000000001
3 0.3840425531914894 0.7040000000000001 0.04042553191489362 0.0896
3 0.42872340425531913 0.7056 0.04468085106382979 0.0896
3 0.4734042553191489 0.7008 0.04468085106382979 0.0896
3 0.5202127659574468 0.7008 0.04468085106382979 0.0896
3 0.5691489361702128 0.7040000000000001 0.04468085106382979 0.0896
3 0.6180851063829788 0.7040000000000001 0.04468085106382979 0.0896
3 0.6648936170212766 0.7024 0.04468085106382979 0.0896
3 0.7138297872340426 0.7040000000000001 0.04468085106382979 0.0896
3 0.7106382978723405 0.792 0.04680851063829787 0.07680000000000001
3 0.6659574468085107 0.792 0.04680851063829787 0.07680000000000001
3 0.6212765957446809 0.7904 0.04680851063829787 0.07680000000000001
3 0.5723404255319149 0.7872 0.04680851063829787 0.07680000000000001
3 0.5276595744680851 0.7888000000000001 0.04680851063829787 0.07680000000000001
3 0.48297872340425535 0.7872 0.04680851063829787 0.07680000000000001
3 0.4340425531914894 0.792 0.04680851063829787 0.07680000000000001
2 0.7574468085106383 0.7768 0.04680851063829787 0.10400000000000001
2 0.8063829787234043 0.7768 0.04680851063829787 0.10400000000000001
2 0.8553191489361702 0.7784000000000001 0.04680851063829787 0.10400000000000001
3 0.2574468085106383 0.5944 0.03829787234042553 0.0752
3 0.3 0.5912000000000001 0.03829787234042553 0.0752
3 0.3446808510638298 0.5928 0.03829787234042553 0.0752
3 0.3829787234042553 0.5944 0.03829787234042553 0.0752
