0 0.24010416666666667 0.424609375 0.08229166666666667 0.10078125
0 0.30833333333333335 0.42421875000000003 0.06041666666666667 0.1015625
0 0.36614583333333334 0.419921875 0.06354166666666666 0.09609375
1 0.19322916666666667 0.566015625 0.059375 0.09609375
1 0.24687499999999998 0.5671875000000001 0.06875 0.09531250000000001
1 0.3067708333333333 0.56015625 0.06979166666666667 0.09062500000000001
1 0.3609375 0.56015625 0.057291666666666664 0.09375
0 0.23177083333333334 0.68515625 0.07395833333333333 0.1
0 0.3963541666666667 0.6546875000000001 0.059375 0.08750000000000001
0 0.3390625 0.6664062500000001 0.06145833333333333 0.08281250000000001
2 0.253125 0.831640625 0.06666666666666667 0.11015625000000001
