0 0.31588541666666664 0.3154296875 0.0859375 0.14570312500000002
0 0.41015625 0.31660156250000004 0.0859375 0.14570312500000002
0 0.49713541666666666 0.3169921875 0.0859375 0.14570312500000002
0 0.57734375 0.31757812500000004 0.07552083333333333 0.14375000000000002
0 0.6591145833333333 0.31875000000000003 0.07552083333333333 0.14375000000000002
1 0.32838541666666665 0.5732421875 0.07760416666666667 0.12382812500000001
1 0.40651041666666665 0.5712890625 0.07760416666666667 0.12382812500000001
1 0.4830729166666667 0.5650390625 0.07760416666666667 0.11679687500000001
1 0.55703125 0.56171875 0.0703125 0.115625
1 0.6299479166666666 0.55859375 0.0703125 0.115625
3 0.40390624999999997 0.7734375 0.0703125 0.115625
3 0.47994791666666664 0.76875 0.0703125 0.115625
3 0.55234375 0.7669921875000001 0.07239583333333333 0.102734375
3 0.6213541666666667 0.7626953125 0.06458333333333333 0.10117187500000001
2 0.3458333333333333 0.94453125 0.06458333333333333 0.10625000000000001
2 0.41302083333333334 0.941015625 0.06458333333333333 0.10625000000000001
2 0.47890625 0.9333984375000001 0.058854166666666666 0.10820312500000001
2 0.5408854166666667 0.9259765625 0.058854166666666666 0.10820312500000001
2 0.60234375 0.9185546875 0.058854166666666666 0.10820312500000001
