0 0.5234375 0.271484375 0.06666666666666667 0.134375
0 0.5838541666666667 0.27773437500000003 0.058333333333333334 0.140625
0 0.6307291666666667 0.280859375 0.03958333333333333 0.13125
0 0.6807291666666666 0.290234375 0.04791666666666666 0.12187500000000001
0 0.7286458333333333 0.294140625 0.052083333333333336 0.1234375
1 0.5255208333333333 0.509765625 0.0625 0.1234375
1 0.5838541666666667 0.507421875 0.0625 0.1125
1 0.6317708333333333 0.501171875 0.05 0.109375
1 0.6776041666666667 0.49726562500000004 0.041666666666666664 0.11406250000000001
1 0.7203125 0.49335937500000004 0.03958333333333333 0.10625000000000001
3 0.5265625 0.730078125 0.08125 0.1203125
3 0.5828125 0.719921875 0.04375 0.13125
3 0.6307291666666667 0.702734375 0.052083333333333336 0.115625
3 0.6703125 0.685546875 0.052083333333333336 0.11875000000000001
3 0.7109375 0.677734375 0.05 0.134375
2 0.5276041666666667 0.9128906250000001 0.07083333333333333 0.13593750000000002
2 0.5984375 0.870703125 0.075 0.0921875
2 0.6411458333333333 0.857421875 0.052083333333333336 0.1
2 0.6776041666666667 0.8324218750000001 0.05416666666666667 0.12812500000000002
2 0.7213541666666666 0.825390625 0.04583333333333333 0.13593750000000002
