0 0.4984375 0.424609375 0.06354166666666666 0.10859375
0 0.5598958333333334 0.416015625 0.06354166666666666 0.10859375
0 0.4380208333333333 0.41835937500000003 0.06354166666666666 0.10859375
0 0.3765625 0.41054687500000003 0.051041666666666666 0.10390625
0 0.33697916666666666 0.400390625 0.040625 0.10546875
0 0.40781249999999997 0.5515625000000001 0.057291666666666664 0.09843750000000001
0 0.4614583333333333 0.5671875000000001 0.06041666666666667 0.09531250000000001
0 0.5239583333333333 0.559765625 0.0625 0.09453125000000001
0 0.5760416666666667 0.555859375 0.05625 0.09765625
0 0.6229166666666667 0.542578125 0.05625 0.09453125000000001
3 0.6208333333333333 0.4 0.06041666666666667 0.1125
2 0.5041666666666667 0.81796875 0.06041666666666667 0.1125
2 0.553125 0.8031250000000001 0.06041666666666667 0.1125
2 0.603125 0.7898437500000001 0.05625 0.11093750000000001
2 0.45208333333333334 0.80859375 0.05625 0.11093750000000001
2 0.40625 0.78671875 0.05625 0.11093750000000001
1 0.475 0.683203125 0.05416666666666667 0.08828125
1 0.5291666666666667 0.681640625 0.058333333333333334 0.10078125
1 0.5807291666666666 0.66796875 0.046875 0.09062500000000001
1 0.6203125 0.65546875 0.04895833333333333 0.09375
1 0.42135416666666664 0.669140625 0.051041666666666666 0.08203125
1 0.37447916666666664 0.655859375 0.051041666666666666 0.07890625000000001
