1 0.32708333333333334 0.23593750000000002 0.08333333333333333 0.1421875
1 0.4119791666666667 0.237109375 0.06979166666666667 0.13984375000000002
0 0.4921875 0.242578125 0.071875 0.14140625
0 0.5682291666666667 0.24726562500000002 0.07604166666666666 0.14453125
0 0.6354166666666666 0.248828125 0.07083333333333333 0.14453125
3 0.33541666666666664 0.47773437500000004 0.08333333333333333 0.13359375
3 0.4109375 0.48164062500000004 0.06770833333333333 0.13515625
3 0.4791666666666667 0.482421875 0.06041666666666667 0.14296875
3 0.5526041666666667 0.48945312500000004 0.065625 0.12265625000000001
3 0.625 0.483203125 0.07083333333333333 0.14765625000000002
3 0.3177083333333333 0.69921875 0.07291666666666667 0.13125
3 0.39427083333333335 0.700390625 0.07604166666666666 0.12890625
3 0.46770833333333334 0.6937500000000001 0.08333333333333333 0.1265625
3 0.5364583333333334 0.70078125 0.07291666666666667 0.140625
3 0.6057291666666667 0.69453125 0.065625 0.12812500000000002
2 0.32395833333333335 0.89375 0.08125 0.14375000000000002
2 0.39427083333333335 0.88984375 0.06770833333333333 0.1484375
2 0.47291666666666665 0.882421875 0.06458333333333333 0.12734375
2 0.5390625 0.8738281250000001 0.06770833333333333 0.13515625
2 0.6046875 0.88671875 0.06770833333333333 0.1703125
