0 0.26640625 0.41875 0.0203125 0.0546875
0 0.28854166666666664 0.42265625 0.026041666666666668 0.057031250000000006
0 0.3171875 0.42578125 0.03125 0.059375000000000004
0 0.35052083333333334 0.42910156250000003 0.034375 0.059765625
0 0.3833333333333333 0.4287109375 0.034375 0.059765625
0 0.4119791666666667 0.4244140625 0.025 0.055078125000000006
0 0.23072916666666665 0.5326171875 0.025 0.055078125000000006
0 0.2546875 0.5378906250000001 0.026041666666666668 0.05859375
0 0.2833333333333333 0.5417968750000001 0.03125 0.059375000000000004
0 0.3151041666666667 0.5439453125 0.035416666666666666 0.058203125
0 0.35 0.5435546875 0.03333333333333333 0.057421875000000004
0 0.3809895833333333 0.540234375 0.030729166666666665 0.055468750000000004
0 0.40911458333333334 0.5359375000000001 0.0265625 0.05390625
0 0.4315104166666667 0.532421875 0.019270833333333334 0.053125000000000006
3 0.5416666666666666 0.39101562500000003 0.020833333333333332 0.059375000000000004
3 0.5666666666666667 0.39492187500000003 0.028125 0.05859375
3 0.5919270833333333 0.3923828125 0.0234375 0.056640625
3 0.6138020833333333 0.39199218750000003 0.0234375 0.056640625
3 0.6372395833333333 0.3892578125 0.0234375 0.056640625
3 0.5119791666666667 0.4654296875 0.026041666666666668 0.054296875
3 0.5354166666666667 0.47187500000000004 0.01875 0.0578125
3 0.5572916666666666 0.47597656250000003 0.022916666666666665 0.056640625
3 0.5822916666666667 0.4755859375 0.022916666666666665 0.056640625
3 0.6046875 0.4712890625 0.022916666666666665 0.056640625
3 0.6265625 0.4654296875 0.01875 0.051171875000000006
1 0.5091145833333334 0.539453125 0.021354166666666667 0.04453125
1 0.53046875 0.5476562500000001 0.021354166666666667 0.04453125
1 0.5546875 0.551171875 0.02395833333333333 0.0421875
1 0.5760416666666667 0.550390625 0.019791666666666666 0.043750000000000004
1 0.5966145833333333 0.5482421875 0.021354166666666667 0.046484375
1 0.61796875 0.5419921875 0.021354166666666667 0.046484375
1 0.5989583333333334 0.6162109375 0.030208333333333334 0.049609375000000004
1 0.62109375 0.6107421875000001 0.01614583333333333 0.051953125
1 0.63984375 0.6058593750000001 0.022395833333333334 0.05
1 0.6622395833333333 0.59921875 0.022395833333333334 0.05
1 0.68046875 0.5945312500000001 0.018229166666666668 0.05078125
1 0.6981770833333333 0.590234375 0.018229166666666668 0.05078125
1 0.60859375 0.6726562500000001 0.0265625 0.05234375
1 0.6309895833333333 0.6664062500000001 0.021354166666666667 0.05
1 0.6518229166666667 0.6605468750000001 0.021354166666666667 0.05
1 0.67109375 0.6546875000000001 0.021354166666666667 0.05
1 0.6893229166666667 0.65 0.021354166666666667 0.05
1 0.7075520833333333 0.644140625 0.021354166666666667 0.05
3 0.4161458333333333 0.646484375 0.0375 0.06484375
3 0.44869791666666664 0.6394531250000001 0.0296875 0.06484375
3 0.47552083333333334 0.6345703125000001 0.027083333333333334 0.065234375
3 0.5005208333333333 0.6287109375000001 0.027083333333333334 0.065234375
3 0.5265625 0.6240234375 0.027083333333333334 0.065234375
3 0.54921875 0.6166015625000001 0.0234375 0.065234375
3 0.5200520833333333 0.694921875 0.0265625 0.059375000000000004
3 0.5481770833333334 0.6158203125 0.0234375 0.065234375
3 0.5424479166666667 0.68671875 0.022395833333333334 0.05859375
3 0.5658854166666667 0.6804687500000001 0.022395833333333334 0.05859375
3 0.58671875 0.6746093750000001 0.022395833333333334 0.05859375
2 0.22265625 0.6478515625000001 0.015104166666666667 0.079296875
2 0.23828125 0.6548828125 0.015104166666666667 0.079296875
2 0.2557291666666667 0.666015625 0.015625 0.084375
2 0.27239583333333334 0.6748046875 0.016666666666666666 0.083984375
2 0.28854166666666664 0.684765625 0.015625 0.084375
2 0.3059895833333333 0.6957031250000001 0.018229166666666668 0.08984375
2 0.32734375 0.7080078125 0.022395833333333334 0.08867187500000001
2 0.3481770833333333 0.7162109375000001 0.022395833333333334 0.08867187500000001
2 0.37838541666666664 0.726171875 0.0390625 0.08828125
2 0.41354166666666664 0.7220703125000001 0.03333333333333333 0.09257812500000001
