1 0.20781249999999998 0.4353515625 0.057291666666666664 0.083203125
1 0.2625 0.43183593750000004 0.057291666666666664 0.083203125
1 0.3151041666666667 0.43378906250000004 0.057291666666666664 0.083203125
1 0.365625 0.4326171875 0.057291666666666664 0.083203125
1 0.421875 0.43574218750000004 0.057291666666666664 0.083203125
1 0.3177083333333333 0.5755859375 0.042708333333333334 0.071484375
0 0.21953124999999998 0.5783203125 0.05677083333333333 0.07695312500000001
0 0.26901041666666664 0.5775390625 0.05677083333333333 0.07695312500000001
3 0.3690104166666667 0.578125 0.04739583333333333 0.07421875
3 0.4127604166666667 0.57421875 0.04739583333333333 0.07421875
3 0.22578125 0.704296875 0.044270833333333336 0.06953125
3 0.2700520833333333 0.70078125 0.044270833333333336 0.06953125
3 0.3221354166666667 0.70078125 0.044270833333333336 0.06953125
3 0.36744791666666665 0.69921875 0.044270833333333336 0.06953125
3 0.41328125 0.6957031250000001 0.044270833333333336 0.06953125
2 0.23463541666666665 0.8138671875000001 0.050520833333333334 0.074609375
2 0.2828125 0.809765625 0.041666666666666664 0.08125
2 0.32708333333333334 0.8089843750000001 0.041666666666666664 0.08125
2 0.3697916666666667 0.8074218750000001 0.041666666666666664 0.08125
2 0.4125 0.806640625 0.041666666666666664 0.08125
