1 0.3359375 0.45742187500000003 0.084375 0.13828125
1 0.42083333333333334 0.4546875 0.08125 0.1296875
1 0.49374999999999997 0.45390625 0.08125 0.1296875
1 0.5802083333333333 0.4546875 0.08125 0.1296875
1 0.65625 0.4546875 0.08125 0.1296875
3 0.33229166666666665 0.6937500000000001 0.08125 0.1390625
3 0.41354166666666664 0.69296875 0.07708333333333334 0.140625
3 0.4927083333333333 0.689453125 0.07291666666666667 0.13203125000000002
3 0.5713541666666666 0.6878906250000001 0.06979166666666667 0.13984375000000002
3 0.653125 0.687109375 0.07291666666666667 0.13984375000000002
2 0.40989583333333335 0.9070312500000001 0.07395833333333333 0.1546875
2 0.4869791666666667 0.9070312500000001 0.07395833333333333 0.1546875
2 0.5588541666666667 0.90546875 0.07395833333333333 0.1546875
0 0.334375 0.183984375 0.0875 0.14453125
0 0.42083333333333334 0.185546875 0.07916666666666666 0.14765625000000002
0 0.5020833333333333 0.18828125 0.08125 0.15156250000000002
0 0.5838541666666667 0.1875 0.08645833333333333 0.1484375
0 0.6703125 0.18828125 0.08645833333333333 0.1484375
