0 0.2755208333333333 0.280078125 0.059375 0.09921875000000001
0 0.3380208333333333 0.27265625 0.06145833333333333 0.096875
0 0.40260416666666665 0.26484375 0.05520833333333333 0.08750000000000001
0 0.44947916666666665 0.26796875000000003 0.046875 0.084375
0 0.4921875 0.27187500000000003 0.059375 0.0890625
0 0.26979166666666665 0.40234375 0.052083333333333336 0.078125
0 0.3296875 0.40468750000000003 0.053125 0.07968750000000001
0 0.3828125 0.40390625 0.057291666666666664 0.08125
0 0.4359375 0.405859375 0.057291666666666664 0.08984375
1 0.29010416666666666 0.524609375 0.030208333333333334 0.09765625
1 0.32447916666666665 0.53125 0.046875 0.08750000000000001
1 0.36822916666666666 0.5281250000000001 0.046875 0.07187500000000001
1 0.4192708333333333 0.53125 0.051041666666666666 0.078125
1 0.4609375 0.52578125 0.04895833333333333 0.08281250000000001
3 0.27291666666666664 0.6937500000000001 0.041666666666666664 0.096875
3 0.31197916666666664 0.69921875 0.04895833333333333 0.0921875
3 0.3546875 0.7019531250000001 0.053125 0.11015625000000001
3 0.40781249999999997 0.7035156250000001 0.057291666666666664 0.10703125000000001
3 0.44947916666666665 0.6960937500000001 0.046875 0.09843750000000001
3 0.4864583333333333 0.68359375 0.035416666666666666 0.0921875
