0 0.359375 0.278125 0.06666666666666667 0.115625
0 0.428125 0.28046875 0.06666666666666667 0.115625
0 0.5 0.28125 0.06666666666666667 0.115625
0 0.5739583333333333 0.278515625 0.07291666666666667 0.11484375000000001
0 0.6458333333333334 0.280078125 0.07291666666666667 0.11484375000000001
3 0.35833333333333334 0.50703125 0.06458333333333333 0.109375
3 0.4197916666666667 0.50703125 0.06458333333333333 0.109375
3 0.4864583333333333 0.51484375 0.06458333333333333 0.109375
3 0.34739583333333335 0.7097656250000001 0.065625 0.12265625000000001
3 0.4119791666666667 0.712109375 0.065625 0.12265625000000001
3 0.47760416666666666 0.7136718750000001 0.065625 0.12265625000000001
3 0.5442708333333334 0.722265625 0.065625 0.12265625000000001
3 0.6171875 0.727734375 0.065625 0.12265625000000001
2 0.3385416666666667 0.896484375 0.06875 0.13671875
2 0.40520833333333334 0.904296875 0.06875 0.13671875
2 0.4770833333333333 0.912109375 0.06875 0.13671875
2 0.5385416666666667 0.9183593750000001 0.06875 0.13671875
2 0.6052083333333333 0.9246093750000001 0.06875 0.13671875
1 0.5614583333333333 0.509375 0.058333333333333334 0.11406250000000001
1 0.6317708333333333 0.512109375 0.06979166666666667 0.11015625000000001
