3 0.265625 0.2044921875 0.028125 0.08945312500000001
3 0.29609375 0.20917968750000002 0.030729166666666665 0.090234375
3 0.3296875 0.21210937500000002 0.035416666666666666 0.09296875
3 0.3703125 0.215234375 0.04375 0.09375
3 0.40859375 0.211328125 0.034895833333333334 0.09062500000000001
3 0.27239583333333334 0.327734375 0.036458333333333336 0.08359375000000001
3 0.30572916666666666 0.3330078125 0.034375 0.08476562500000001
3 0.3380208333333333 0.3396484375 0.034375 0.08476562500000001
3 0.37526041666666665 0.3443359375 0.04010416666666666 0.083203125
3 0.2833333333333333 0.43964843750000004 0.03125 0.06601562500000001
3 0.3140625 0.44550781250000004 0.03125 0.06601562500000001
3 0.34453125 0.4541015625 0.028645833333333332 0.072265625
3 0.37916666666666665 0.4615234375 0.03958333333333333 0.06992187500000001
1 0.5955729166666667 0.27089843750000003 0.04635416666666667 0.087109375
1 0.646875 0.268359375 0.04895833333333333 0.08750000000000001
1 0.7190104166666667 0.283203125 0.05364583333333333 0.0859375
1 0.76875 0.28261718750000003 0.04583333333333333 0.087890625
1 0.8104166666666667 0.2791015625 0.03854166666666667 0.090234375
2 0.59296875 0.424609375 0.030729166666666665 0.11015625000000001
2 0.6338541666666666 0.43183593750000004 0.046875 0.110546875
2 0.6802083333333333 0.43886718750000003 0.046875 0.110546875
2 0.7299479166666667 0.443359375 0.050520833333333334 0.11015625000000001
2 0.78046875 0.44257812500000004 0.050520833333333334 0.11015625000000001
2 0.8247395833333333 0.441015625 0.04010416666666666 0.1078125
3 0.30026041666666664 0.6236328125 0.0390625 0.082421875
3 0.3380208333333333 0.6355468750000001 0.035416666666666666 0.08828125
3 0.37578125 0.6466796875 0.04114583333333333 0.087890625
3 0.4127604166666667 0.6605468750000001 0.033854166666666664 0.08828125
3 0.4484375 0.6708984375 0.034375 0.083203125
3 0.48671875 0.684765625 0.0390625 0.0921875
3 0.528125 0.6990234375000001 0.04375 0.09335937500000001
3 0.5713541666666666 0.7130859375 0.04375 0.09335937500000001
3 0.615625 0.7287109375 0.04375 0.09335937500000001
3 0.66640625 0.7449218750000001 0.05364583333333333 0.096875
