0 0.54453125 0.3716796875 0.06927083333333334 0.09648437500000001
0 0.6098958333333333 0.3689453125 0.0625 0.09648437500000001
0 0.6669270833333333 0.3638671875 0.049479166666666664 0.090234375
0 0.715625 0.361328125 0.04479166666666667 0.0921875
0 0.7658854166666667 0.359375 0.05364583333333333 0.09296875
1 0.5296875 0.5333984375 0.05416666666666667 0.07695312500000001
1 0.5822916666666667 0.5283203125 0.04895833333333333 0.07695312500000001
1 0.6309895833333333 0.5222656250000001 0.04739583333333333 0.07734375
1 0.6815104166666667 0.5166015625 0.0515625 0.079296875
1 0.7302083333333333 0.5109375 0.04583333333333333 0.07734375
2 0.5143229166666666 0.6642578125 0.06822916666666666 0.083984375
2 0.57265625 0.65234375 0.04739583333333333 0.0859375
2 0.6174479166666667 0.6429687500000001 0.04114583333333333 0.08359375000000001
2 0.65859375 0.634375 0.04010416666666666 0.08515625
2 0.6997395833333333 0.6312500000000001 0.04010416666666666 0.08515625
2 0.5013020833333334 0.7736328125 0.06197916666666667 0.072265625
2 0.5520833333333334 0.7650390625000001 0.03958333333333333 0.070703125
2 0.5927083333333333 0.7537109375000001 0.03958333333333333 0.070703125
2 0.6328125 0.7462890625 0.03958333333333333 0.070703125
2 0.675 0.7421875 0.042708333333333334 0.0734375
