1 0.303125 0.345703125 0.075 0.12734375
0 0.38385416666666666 0.347265625 0.071875 0.12109375
0 0.4557291666666667 0.34804687500000003 0.071875 0.12109375
0 0.5286458333333334 0.346484375 0.071875 0.12109375
0 0.6067708333333334 0.34492187500000004 0.071875 0.12109375
0 0.6828125 0.34492187500000004 0.071875 0.12109375
0 0.3255208333333333 0.732421875 0.057291666666666664 0.08671875000000001
0 0.3921875 0.7292968750000001 0.057291666666666664 0.08671875000000001
0 0.45677083333333335 0.730078125 0.057291666666666664 0.08671875000000001
0 0.5265625 0.728515625 0.057291666666666664 0.08671875000000001
0 0.5880208333333333 0.726171875 0.057291666666666664 0.08671875000000001
0 0.6515625 0.7269531250000001 0.057291666666666664 0.08671875000000001
3 0.31614583333333335 0.548828125 0.06354166666666666 0.11328125
3 0.3848958333333333 0.551171875 0.06354166666666666 0.11328125
3 0.4578125 0.546484375 0.06354166666666666 0.11328125
3 0.5223958333333333 0.546484375 0.06354166666666666 0.11328125
3 0.5953125 0.542578125 0.06354166666666666 0.11328125
3 0.6619791666666667 0.548828125 0.06354166666666666 0.11328125
2 0.34322916666666664 0.870703125 0.065625 0.09765625
2 0.4088541666666667 0.8675781250000001 0.065625 0.09765625
2 0.465625 0.86640625 0.05416666666666667 0.1
2 0.5239583333333333 0.8625 0.05416666666666667 0.1
2 0.5854166666666667 0.8625 0.05416666666666667 0.1
2 0.6416666666666666 0.8609375 0.05416666666666667 0.1
