2 0.49895833333333334 0.30625 0.10416666666666667 0.209375
2 0.421875 0.296484375 0.09375 0.19609375
2 0.36354166666666665 0.28945312500000003 0.09583333333333333 0.18515625000000002
2 0.5057291666666667 0.5515625000000001 0.078125 0.1546875
2 0.44114583333333335 0.5222656250000001 0.06770833333333333 0.12421875
2 0.38385416666666666 0.512890625 0.06354166666666666 0.13984375000000002
2 0.3338541666666667 0.495703125 0.04895833333333333 0.12265625000000001
2 0.29010416666666666 0.48554687500000004 0.05520833333333333 0.12421875
2 0.25364583333333335 0.476171875 0.06354166666666666 0.13671875
2 0.5088541666666666 0.740234375 0.08020833333333333 0.12265625000000001
2 0.44114583333333335 0.7097656250000001 0.06770833333333333 0.10078125
2 0.3890625 0.687109375 0.04479166666666667 0.10703125000000001
2 0.3494791666666667 0.673828125 0.042708333333333334 0.09296875
2 0.3151041666666667 0.6531250000000001 0.051041666666666666 0.1015625
2 0.26875 0.6410156250000001 0.06041666666666667 0.11640625
2 0.5119791666666667 0.89765625 0.07395833333333333 0.09375
2 0.44947916666666665 0.864453125 0.051041666666666666 0.09765625
2 0.4067708333333333 0.83984375 0.059375 0.08281250000000001
2 0.3692708333333333 0.821875 0.04479166666666667 0.07968750000000001
2 0.32760416666666664 0.7937500000000001 0.04479166666666667 0.0765625
2 0.2890625 0.788671875 0.06145833333333333 0.09921875000000001
