3 0.43515624999999997 0.3591796875 0.03802083333333333 0.079296875
1 0.4700520833333333 0.375 0.0359375 0.0703125
1 0.5111979166666667 0.3818359375 0.04010416666666666 0.073046875
1 0.5502604166666667 0.37714843750000004 0.04010416666666666 0.067578125
1 0.5903645833333333 0.37324218750000004 0.04010416666666666 0.067578125
0 0.4778645833333333 0.4712890625 0.04010416666666666 0.067578125
0 0.5174479166666667 0.4755859375 0.04010416666666666 0.067578125
0 0.5575520833333333 0.47207031250000003 0.04010416666666666 0.067578125
0 0.5981770833333333 0.4685546875 0.04010416666666666 0.067578125
0 0.4661458333333333 0.5568359375 0.035416666666666666 0.062109375
0 0.49921875 0.5662109375000001 0.04010416666666666 0.067578125
3 0.5372395833333333 0.556640625 0.03697916666666667 0.0703125
3 0.57421875 0.5546875 0.03697916666666667 0.0703125
2 0.46770833333333334 0.661328125 0.029166666666666667 0.09062500000000001
2 0.5002604166666667 0.6689453125 0.0359375 0.090234375
2 0.53515625 0.6681640625 0.0359375 0.090234375
2 0.5721354166666667 0.6634765625000001 0.0359375 0.090234375
2 0.4359375 0.653515625 0.029166666666666667 0.09062500000000001
0 0.4518229166666667 0.4626953125 0.04010416666666666 0.067578125
0 0.4270833333333333 0.4556640625 0.034375 0.063671875
3 0.603125 0.5476562500000001 0.03333333333333333 0.06875
