0 0.4015625 0.22480468750000002 0.06875 0.146484375
0 0.4713541666666667 0.22773437500000002 0.071875 0.14921875
0 0.5549479166666667 0.23046875 0.09635416666666667 0.15156250000000002
0 0.22682291666666665 0.44453125000000004 0.0515625 0.1203125
0 0.27578125 0.45429687500000004 0.0515625 0.1203125
0 0.33229166666666665 0.4587890625 0.05625 0.122265625
0 0.3893229166666667 0.474609375 0.06197916666666667 0.12421875
0 0.4575520833333333 0.487109375 0.06927083333333334 0.12890625
0 0.5364583333333334 0.49765625 0.08020833333333333 0.12578125
1 0.228125 0.6318359375 0.058333333333333334 0.099609375
1 0.28125 0.6482421875000001 0.04791666666666666 0.106640625
1 0.33177083333333335 0.6644531250000001 0.057291666666666664 0.109375
1 0.38828125 0.68359375 0.0546875 0.11093750000000001
1 0.44505208333333335 0.7025390625000001 0.058854166666666666 0.117578125
1 0.5145833333333333 0.7150390625 0.08125 0.11210937500000001
2 0.21979166666666666 0.7820312500000001 0.04375 0.12421875
2 0.2635416666666667 0.794921875 0.04375 0.12421875
2 0.30833333333333335 0.8132812500000001 0.04375 0.12421875
2 0.3575520833333333 0.8363281250000001 0.04635416666666667 0.13046875
2 0.40911458333333334 0.8558593750000001 0.0515625 0.134375
2 0.48463541666666665 0.8822265625000001 0.10052083333333334 0.139453125
