1 0.34401041666666665 0.35976562500000003 0.07552083333333333 0.1171875
1 0.41640625 0.357421875 0.07135416666666666 0.11875000000000001
0 0.4903645833333333 0.36152343750000004 0.07239583333333333 0.12382812500000001
0 0.5690104166666666 0.3623046875 0.07239583333333333 0.12382812500000001
0 0.6497395833333334 0.36542968750000004 0.07239583333333333 0.12382812500000001
2 0.353125 0.5365234375 0.065625 0.122265625
2 0.41875 0.5392578125 0.065625 0.122265625
2 0.4869791666666667 0.5400390625 0.065625 0.122265625
2 0.565625 0.5431640625 0.065625 0.122265625
2 0.37604166666666666 0.6966796875000001 0.058333333333333334 0.09257812500000001
2 0.43697916666666664 0.6982421875 0.058333333333333334 0.09257812500000001
2 0.4947916666666667 0.7021484375 0.058333333333333334 0.09257812500000001
2 0.5630208333333333 0.6998046875 0.058333333333333334 0.09257812500000001
2 0.6276041666666666 0.7029296875000001 0.058333333333333334 0.09257812500000001
2 0.39453125 0.81953125 0.05260416666666667 0.07500000000000001
2 0.4518229166666667 0.81796875 0.05260416666666667 0.07500000000000001
2 0.5059895833333333 0.8187500000000001 0.05260416666666667 0.07500000000000001
2 0.5611979166666666 0.821875 0.05260416666666667 0.07500000000000001
2 0.6184895833333334 0.82578125 0.05260416666666667 0.07500000000000001
2 0.6174479166666667 0.8250000000000001 0.05260416666666667 0.07500000000000001
