0 0.4427083333333333 0.39140625 0.05625 0.1015625
0 0.503125 0.3921875 0.05625 0.1015625
0 0.553125 0.38320312500000003 0.05416666666666667 0.09296875
0 0.31927083333333334 0.370703125 0.06145833333333333 0.10390625
0 0.3677083333333333 0.529296875 0.05625 0.08984375
0 0.43385416666666665 0.533203125 0.059375 0.09609375
0 0.5140625 0.528515625 0.059375 0.09609375
0 0.56875 0.513671875 0.058333333333333334 0.08828125
0 0.3171875 0.5183593750000001 0.053125 0.10078125
1 0.3677083333333333 0.64609375 0.05625 0.0859375
1 0.421875 0.65 0.05625 0.0859375
1 0.4708333333333333 0.657421875 0.05625 0.09453125000000001
1 0.5192708333333333 0.64453125 0.051041666666666666 0.0890625
1 0.5619791666666667 0.6335937500000001 0.051041666666666666 0.0890625
1 0.315625 0.6359375 0.04791666666666666 0.08125
1 0.4552083333333333 0.7933593750000001 0.04791666666666666 0.10703125000000001
1 0.5010416666666666 0.7800781250000001 0.04791666666666666 0.10703125000000001
1 0.5541666666666667 0.758984375 0.04791666666666666 0.10703125000000001
1 0.40208333333333335 0.7855468750000001 0.04791666666666666 0.10703125000000001
1 0.3489583333333333 0.771484375 0.04791666666666666 0.10703125000000001
