0 0.30625 0.3953125 0.096875 0.1328125
0 0.40729166666666666 0.39687500000000003 0.08125 0.13203125000000002
0 0.490625 0.40078125000000003 0.08125 0.13203125000000002
3 0.5838541666666667 0.39394531250000003 0.08854166666666667 0.142578125
1 0.6734375 0.40703125 0.0875 0.13046875
1 0.7640625 0.408203125 0.0875 0.13046875
1 0.34453125 0.5994140625000001 0.0796875 0.09648437500000001
1 0.42109375 0.603125 0.0734375 0.09531250000000001
1 0.49557291666666664 0.60703125 0.0734375 0.09531250000000001
1 0.5700520833333333 0.6101562500000001 0.0734375 0.09531250000000001
1 0.6549479166666666 0.61640625 0.0734375 0.09531250000000001
1 0.7348958333333333 0.6216796875 0.078125 0.094921875
2 0.3703125 0.7380859375000001 0.07604166666666666 0.098046875
2 0.44244791666666666 0.7400390625000001 0.06614583333333333 0.09648437500000001
2 0.51171875 0.7462890625 0.06614583333333333 0.09648437500000001
2 0.5799479166666667 0.7529296875 0.06614583333333333 0.09648437500000001
2 0.64609375 0.7583984375 0.06614583333333333 0.09648437500000001
2 0.7169270833333333 0.7607421875 0.06614583333333333 0.09648437500000001
2 0.38671875 0.8621093750000001 0.058854166666666666 0.07890625000000001
2 0.45234375 0.8675781250000001 0.058854166666666666 0.07890625000000001
2 0.51796875 0.8695312500000001 0.058854166666666666 0.07890625000000001
2 0.57734375 0.8757812500000001 0.058854166666666666 0.07890625000000001
2 0.6372395833333333 0.88203125 0.058854166666666666 0.07890625000000001
2 0.6955729166666667 0.8875000000000001 0.058854166666666666 0.07890625000000001
