1 0.25364583333333335 0.365234375 0.059375 0.10078125
1 0.3130208333333333 0.369921875 0.059375 0.10390625
1 0.375 0.373828125 0.05625 0.11484375000000001
1 0.43697916666666664 0.36835937500000004 0.059375 0.10078125
1 0.48333333333333334 0.37226562500000004 0.0375 0.11484375000000001
1 0.5151041666666667 0.36054687500000004 0.051041666666666666 0.10390625
1 0.19739583333333333 0.34921875 0.03229166666666666 0.10312500000000001
0 0.25677083333333334 0.512109375 0.057291666666666664 0.11015625000000001
0 0.3078125 0.512109375 0.06145833333333333 0.10390625
0 0.365625 0.513671875 0.075 0.08828125
0 0.43385416666666665 0.516015625 0.06145833333333333 0.09609375
0 0.47239583333333335 0.49765625 0.05520833333333333 0.08125
3 0.2557291666666667 0.637890625 0.051041666666666666 0.11015625000000001
3 0.30885416666666665 0.645703125 0.06354166666666666 0.11328125
3 0.3651041666666667 0.6433593750000001 0.06145833333333333 0.10859375
0 0.4359375 0.640234375 0.065625 0.10234375000000001
0 0.4921875 0.6156250000000001 0.051041666666666666 0.09062500000000001
2 0.27291666666666664 0.7878906250000001 0.06041666666666667 0.12890625
2 0.3296875 0.783203125 0.053125 0.12890625
2 0.3776041666666667 0.7894531250000001 0.059375 0.13203125000000002
2 0.4239583333333333 0.794921875 0.06041666666666667 0.14296875
2 0.4661458333333333 0.759765625 0.059375 0.10546875
