3 0.2703125 0.19765625 0.021875 0.0734375
3 0.29322916666666665 0.19687500000000002 0.021875 0.0734375
3 0.31666666666666665 0.2 0.022916666666666665 0.078125
3 0.34791666666666665 0.20273437500000002 0.035416666666666666 0.08203125
3 0.3828125 0.203125 0.03229166666666666 0.08125
3 0.4145833333333333 0.20273437500000002 0.03125 0.07734375
3 0.3520833333333333 0.3203125 0.035416666666666666 0.07500000000000001
3 0.32135416666666666 0.316015625 0.026041666666666668 0.07265625
3 0.38229166666666664 0.31796875 0.029166666666666667 0.0734375
0 0.5234375 0.257421875 0.030208333333333334 0.08515625
0 0.5578125 0.259375 0.03229166666666666 0.08125
0 0.5984375 0.262890625 0.04479166666666667 0.08515625
0 0.6463541666666667 0.26406250000000003 0.04895833333333333 0.0859375
0 0.6911458333333333 0.263671875 0.042708333333333334 0.08671875000000001
0 0.7302083333333333 0.26171875 0.0375 0.084375
0 0.5302083333333333 0.419921875 0.03958333333333333 0.07421875
0 0.5697916666666667 0.427734375 0.04375 0.08203125
0 0.6135416666666667 0.431640625 0.04375 0.08203125
0 0.6598958333333333 0.436328125 0.04895833333333333 0.07890625000000001
0 0.7052083333333333 0.43007812500000003 0.04375 0.07734375
0 0.740625 0.42695312500000004 0.029166666666666667 0.08046875
0 0.7692708333333333 0.42265625 0.030208333333333334 0.08125
3 0.32447916666666665 0.41523437500000004 0.019791666666666666 0.06328125
3 0.3520833333333333 0.421875 0.035416666666666666 0.06406250000000001
3 0.3854166666666667 0.416015625 0.029166666666666667 0.06484375
0 0.134375 0.499609375 0.029166666666666667 0.06796875000000001
3 0.2552083333333333 0.547265625 0.029166666666666667 0.08671875000000001
3 0.4270833333333333 0.6265625 0.05 0.096875
3 0.4666666666666667 0.6125 0.035416666666666666 0.09843750000000001
3 0.6380208333333334 0.5632812500000001 0.046875 0.07968750000000001
3 0.7869791666666667 0.5 0.03229166666666666 0.0734375
3 0.32395833333333335 0.748046875 0.03958333333333333 0.10234375000000001
3 0.1640625 0.6414062500000001 0.034375 0.084375
2 0.3703125 0.761328125 0.04895833333333333 0.13203125000000002
2 0.4864583333333333 0.848828125 0.058333333333333334 0.12734375
2 0.60625 0.7820312500000001 0.041666666666666664 0.115625
2 0.5385416666666667 0.826171875 0.05 0.12578125
2 0.6473958333333333 0.765234375 0.03229166666666666 0.11796875000000001
2 0.7161458333333334 0.733984375 0.03229166666666666 0.11796875000000001
2 0.6838541666666667 0.748046875 0.03229166666666666 0.11796875000000001
2 0.7432291666666666 0.7136718750000001 0.021875 0.10546875
2 0.7645833333333333 0.69921875 0.022916666666666665 0.11093750000000001
2 0.7927083333333333 0.6859375000000001 0.03333333333333333 0.10312500000000001
2 0.8223958333333333 0.671484375 0.028125 0.10234375000000001
