1 0.3320235756385069 0.4455081001472754 0.019646365422396856 0.045655375552282766
1 0.35461689587426326 0.4484536082474227 0.021611001964636542 0.045655375552282766
1 0.38015717092337914 0.4477172312223858 0.02554027504911591 0.04418262150220913
1 0.41846758349705304 0.446980854197349 0.027504911591355596 0.048600883652430045
1 0.5913555992141454 0.4477172312223858 0.027504911591355596 0.05596465390279823
1 0.5638506876227898 0.4462444771723122 0.027504911591355596 0.05596465390279823
1 0.5854616895874263 0.5360824742268041 0.027504911591355596 0.05596465390279823
1 0.5540275049115914 0.5301914580265096 0.027504911591355596 0.05596465390279823
0 0.5314341846758349 0.44477172312223856 0.029469548133595282 0.053019145802650956
0 0.5019646365422397 0.44329896907216493 0.029469548133595282 0.053019145802650956
0 0.5275049115913556 0.5316642120765832 0.029469548133595282 0.053019145802650956
0 0.5009823182711198 0.5265095729013255 0.027504911591355596 0.048600883652430045
2 0.28781925343811393 0.5169366715758468 0.029469548133595282 0.06774668630338733
2 0.31630648330058936 0.5265095729013255 0.03143418467583497 0.0662739322533137
2 0.349705304518664 0.5265095729013255 0.03143418467583497 0.0662739322533137
2 0.39489194499017677 0.5250368188512519 0.03143418467583497 0.0662739322533137
3 0.28781925343811393 0.6229749631811488 0.02554027504911591 0.053019145802650956
3 0.32023575638506874 0.6325478645066274 0.027504911591355596 0.05743740795287187
3 0.3516699410609037 0.6281296023564065 0.027504911591355596 0.054491899852724596
3 0.3791748526522593 0.6237113402061856 0.027504911591355596 0.054491899852724596
3 0.42239685658153237 0.6384388807069219 0.027504911591355596 0.054491899852724596
3 0.4479371316306483 0.6413843888070692 0.027504911591355596 0.054491899852724596
3 0.47740667976424356 0.6472754050073638 0.027504911591355596 0.054491899852724596
3 0.43320235756385067 0.5633284241531664 0.02554027504911591 0.048600883652430045
3 0.46070726915520627 0.56480117820324 0.02554027504911591 0.048600883652430045
3 0.6100196463654224 0.6531664212076583 0.02554027504911591 0.048600883652430045
3 0.643418467583497 0.6524300441826215 0.029469548133595282 0.050073637702503684
0 0.5068762278978388 0.605301914580265 0.023575638506876224 0.050073637702503684
0 0.5284872298624754 0.6082474226804123 0.023575638506876224 0.050073637702503684
0 0.5540275049115914 0.6126656848306333 0.023575638506876224 0.050073637702503684
0 0.581532416502947 0.6148748159057438 0.027504911591355596 0.05154639175257732
3 0.41748526522593316 0.7135493372606775 0.02554027504911591 0.06332842415316642
3 0.4440078585461689 0.7179675994108984 0.027504911591355596 0.060382916053019146
3 0.47445972495088407 0.7253313696612665 0.02554027504911591 0.06332842415316642
3 0.5039292730844793 0.7312223858615611 0.02554027504911591 0.06332842415316642
3 0.5353634577603144 0.7385861561119293 0.029469548133595282 0.0662739322533137
3 0.5648330058939096 0.7488954344624448 0.029469548133595282 0.0662739322533137
3 0.5982318271119842 0.7547864506627393 0.029469548133595282 0.0662739322533137
2 0.19056974459724949 0.6634756995581738 0.023575638506876224 0.0662739322533137
2 0.16895874263261296 0.6605301914580265 0.023575638506876224 0.0662739322533137
2 0.1473477406679764 0.6561119293078056 0.015717092337917484 0.06332842415316642
