0 0.17864583333333334 0.242578125 0.07604166666666666 0.12578125
0 0.24322916666666666 0.24335937500000002 0.07604166666666666 0.12578125
0 0.3182291666666667 0.237109375 0.07604166666666666 0.12578125
0 0.390625 0.23398437500000002 0.07916666666666666 0.12734375
0 0.4666666666666667 0.230859375 0.08125 0.13515625
0 0.5510416666666667 0.22812500000000002 0.08333333333333333 0.1375
0 0.18177083333333333 0.47304687500000003 0.07604166666666666 0.12421875
0 0.2557291666666667 0.474609375 0.08645833333333333 0.12265625000000001
0 0.32708333333333334 0.47265625 0.07083333333333333 0.1171875
1 0.39791666666666664 0.475390625 0.08125 0.12265625000000001
1 0.46770833333333334 0.47773437500000004 0.08125 0.12265625000000001
1 0.5432291666666667 0.47773437500000004 0.07604166666666666 0.12890625
2 0.18229166666666666 0.6648437500000001 0.07083333333333333 0.15781250000000002
2 0.25364583333333335 0.6671875 0.08020833333333333 0.1625
2 0.32447916666666665 0.6734375 0.08020833333333333 0.1625
2 0.39479166666666665 0.671484375 0.08125 0.16484375
2 0.4609375 0.67734375 0.07604166666666666 0.171875
2 0.5390625 0.6796875 0.07604166666666666 0.171875
2 0.20625 0.870703125 0.07291666666666667 0.13984375000000002
2 0.26979166666666665 0.8796875000000001 0.07291666666666667 0.15156250000000002
2 0.3385416666666667 0.8875000000000001 0.07291666666666667 0.15156250000000002
2 0.40520833333333334 0.8929687500000001 0.07291666666666667 0.15156250000000002
2 0.47291666666666665 0.89765625 0.07291666666666667 0.15156250000000002
2 0.5458333333333333 0.90546875 0.07291666666666667 0.15156250000000002
