0 0.5338541666666666 0.34375 0.053125 0.09843750000000001
0 0.5802083333333333 0.3453125 0.04375 0.1015625
0 0.6333333333333333 0.34375 0.04791666666666666 0.0921875
0 0.675 0.35195312500000003 0.029166666666666667 0.11484375000000001
0 0.4828125 0.33828125000000003 0.04895833333333333 0.09375
0 0.4380208333333333 0.32148437500000004 0.040625 0.09921875000000001
0 0.425 0.444140625 0.04375 0.09609375
0 0.4671875 0.45625000000000004 0.04479166666666667 0.09062500000000001
0 0.5067708333333333 0.46640625 0.059375 0.08281250000000001
0 0.5536458333333333 0.46406250000000004 0.05520833333333333 0.1
0 0.5953125 0.46015625000000004 0.04479166666666667 0.08281250000000001
0 0.6421875 0.46640625 0.04479166666666667 0.1015625
3 0.421875 0.6859375000000001 0.041666666666666664 0.09062500000000001
3 0.4588541666666667 0.7046875 0.03229166666666666 0.096875
3 0.4901041666666667 0.7125 0.046875 0.08125
3 0.5338541666666666 0.710546875 0.04479166666666667 0.08671875000000001
3 0.584375 0.7117187500000001 0.04375 0.07968750000000001
1 0.4796875 0.57578125 0.051041666666666666 0.08750000000000001
1 0.5291666666666667 0.5789062500000001 0.04375 0.09062500000000001
1 0.5786458333333333 0.56875 0.046875 0.0765625
