0 0.3729166666666667 0.4150390625 0.016666666666666666 0.041796875000000004
0 0.3932291666666667 0.4169921875 0.021875 0.041796875000000004
0 0.41640625 0.4205078125 0.0234375 0.043359375000000006
0 0.44296874999999997 0.4224609375 0.0265625 0.042578125
3 0.46510416666666665 0.4177734375 0.015625 0.050390625
3 0.48541666666666666 0.41640625000000003 0.022916666666666665 0.04609375
3 0.5049479166666666 0.41445312500000003 0.0171875 0.047656250000000004
0 0.3703125 0.47773437500000004 0.013541666666666667 0.04296875
0 0.38828125 0.482421875 0.022395833333333334 0.04453125
0 0.4125 0.48476562500000003 0.02395833333333333 0.04453125
0 0.43854166666666666 0.4869140625 0.027083333333333334 0.044140625
0 0.4666666666666667 0.483984375 0.025 0.0421875
0 0.48984374999999997 0.4810546875 0.022395833333333334 0.041796875000000004
1 0.37838541666666664 0.5412109375 0.0140625 0.041015625
1 0.39609375 0.5447265625000001 0.021354166666666667 0.041796875000000004
1 0.4197916666666667 0.5484375 0.025 0.043750000000000004
1 0.44635416666666666 0.548828125 0.025 0.043750000000000004
1 0.4708333333333333 0.5457031250000001 0.025 0.043750000000000004
1 0.4942708333333333 0.543359375 0.021875 0.0421875
1 0.3692708333333333 0.6267578125000001 0.017708333333333333 0.042578125
1 0.3872395833333333 0.6314453125 0.0203125 0.044140625
1 0.4083333333333333 0.6361328125000001 0.022916666666666665 0.041015625
1 0.43255208333333334 0.6375000000000001 0.025520833333333333 0.040625
1 0.45703125 0.6365234375000001 0.0234375 0.040234375
1 0.47890625 0.6322265625000001 0.021354166666666667 0.041796875000000004
