3 0.48238095238095235 0.24048223350253806 0.025714285714285714 0.07994923857868019
3 0.45714285714285713 0.2379441624365482 0.024761904761904763 0.07994923857868019
3 0.508095238095238 0.24048223350253806 0.025714285714285714 0.07994923857868019
3 0.5328571428571428 0.2442893401015228 0.023809523809523808 0.07994923857868019
3 0.5542857142857143 0.2442893401015228 0.01904761904761905 0.0748730964467005
1 0.39714285714285713 0.40038071065989844 0.01904761904761905 0.0748730964467005
1 0.41523809523809524 0.4029187817258883 0.01904761904761905 0.0748730964467005
1 0.439047619047619 0.4041878172588832 0.024761904761904763 0.0748730964467005
1 0.4657142857142857 0.4041878172588832 0.024761904761904763 0.0748730964467005
1 0.49523809523809526 0.4029187817258883 0.024761904761904763 0.0748730964467005
1 0.5190476190476191 0.40038071065989844 0.024761904761904763 0.0748730964467005
1 0.5419047619047619 0.40038071065989844 0.02095238095238095 0.0748730964467005
1 0.5804761904761905 0.3762690355329949 0.023809523809523808 0.0748730964467005
1 0.6052380952380952 0.3762690355329949 0.023809523809523808 0.07741116751269035
1 0.6323809523809524 0.3762690355329949 0.02857142857142857 0.07994923857868019
1 0.5780952380952381 0.4543147208121827 0.026666666666666665 0.07614213197969542
1 0.6038095238095238 0.4543147208121827 0.026666666666666665 0.07614213197969542
1 0.6314285714285715 0.4543147208121827 0.026666666666666665 0.07614213197969542
3 0.7619047619047619 0.20050761421319796 0.02857142857142857 0.08629441624365482
3 0.6723809523809524 0.34517766497461927 0.02857142857142857 0.08629441624365482
3 0.7 0.34644670050761417 0.02857142857142857 0.08629441624365482
3 0.7285714285714285 0.34644670050761417 0.02857142857142857 0.08629441624365482
3 0.7538095238095238 0.34644670050761417 0.023809523809523808 0.08629441624365482
3 0.3171428571428571 0.5507614213197969 0.026666666666666665 0.10659898477157359
3 0.4676190476190476 0.5545685279187816 0.026666666666666665 0.10152284263959391
3 0.4980952380952381 0.5552030456852791 0.02857142857142857 0.10025380710659898
3 0.5295238095238095 0.5564720812182741 0.02857142857142857 0.10025380710659898
3 0.560952380952381 0.5590101522842639 0.02857142857142857 0.10025380710659898
3 0.5904761904761905 0.5628172588832487 0.02857142857142857 0.10025380710659898
3 0.6209523809523809 0.5590101522842639 0.02857142857142857 0.10025380710659898
3 0.6538095238095238 0.5628172588832487 0.029523809523809525 0.10532994923857868
3 0.6852380952380952 0.5615482233502538 0.029523809523809525 0.10532994923857868
3 0.7176190476190476 0.5640862944162436 0.029523809523809525 0.10532994923857868
3 0.7519047619047619 0.5653553299492385 0.029523809523809525 0.10532994923857868
3 0.7842857142857143 0.5691624365482233 0.029523809523809525 0.10532994923857868
3 0.8166666666666667 0.5678934010152283 0.029523809523809525 0.10532994923857868
3 0.85 0.5704314720812182 0.029523809523809525 0.10532994923857868
3 0.4838095238095238 0.6440355329949238 0.02857142857142857 0.0748730964467005
3 0.5104761904761905 0.6427664974619289 0.02857142857142857 0.0748730964467005
3 0.5404761904761904 0.6453045685279187 0.03142857142857143 0.07233502538071065
3 0.569047619047619 0.6491116751269035 0.03142857142857143 0.07233502538071065
3 0.6023809523809524 0.6491116751269035 0.03142857142857143 0.07233502538071065
3 0.6319047619047619 0.6529187817258882 0.03142857142857143 0.07233502538071065
3 0.6614285714285715 0.6541878172588832 0.03142857142857143 0.07233502538071065
3 0.6938095238095238 0.6541878172588832 0.03142857142857143 0.07233502538071065
3 0.7252380952380952 0.6541878172588832 0.03142857142857143 0.07233502538071065
3 0.7576190476190476 0.656725888324873 0.03142857142857143 0.07233502538071065
3 0.7871428571428571 0.6630710659898477 0.03142857142857143 0.07233502538071065
3 0.8195238095238095 0.6630710659898477 0.03142857142857143 0.07233502538071065
3 0.8519047619047619 0.6618020304568527 0.03142857142857143 0.07233502538071065
3 0.4014285714285714 0.5513959390862944 0.023809523809523808 0.10279187817258882
3 0.669047619047619 0.4676395939086294 0.029523809523809525 0.06218274111675126
3 0.6961904761904761 0.4676395939086294 0.024761904761904763 0.06472081218274112
3 0.7238095238095238 0.46637055837563446 0.024761904761904763 0.06472081218274112
3 0.7514285714285714 0.46637055837563446 0.026666666666666665 0.06218274111675126
3 0.31238095238095237 0.6376903553299492 0.024761904761904763 0.0748730964467005
