0 0.2421875 0.33359375 0.07395833333333333 0.13593750000000002
0 0.31927083333333334 0.33359375 0.07395833333333333 0.13593750000000002
0 0.4046875 0.33828125000000003 0.07395833333333333 0.13593750000000002
0 0.4921875 0.34218750000000003 0.07395833333333333 0.13593750000000002
0 0.5755208333333334 0.340625 0.07395833333333333 0.13593750000000002
0 0.25416666666666665 0.5710937500000001 0.07291666666666667 0.109375
0 0.32916666666666666 0.5710937500000001 0.07291666666666667 0.109375
0 0.40625 0.57265625 0.07291666666666667 0.109375
0 0.48020833333333335 0.57265625 0.07291666666666667 0.109375
0 0.5520833333333334 0.57265625 0.07291666666666667 0.109375
2 0.2505208333333333 0.75390625 0.07395833333333333 0.125
2 0.3177083333333333 0.748046875 0.06458333333333333 0.12890625
2 0.38697916666666665 0.75 0.065625 0.12812500000000002
2 0.45729166666666665 0.7488281250000001 0.07083333333333333 0.12734375
2 0.5322916666666666 0.7488281250000001 0.07083333333333333 0.12734375
2 0.26666666666666666 0.9140625 0.06875 0.1078125
2 0.3296875 0.9148437500000001 0.057291666666666664 0.10625000000000001
2 0.3880208333333333 0.91328125 0.057291666666666664 0.10625000000000001
2 0.45416666666666666 0.915625 0.06666666666666667 0.109375
2 0.5171875 0.9171875 0.057291666666666664 0.10625000000000001
2 0.5255208333333333 0.9125000000000001 0.057291666666666664 0.10625000000000001
