0 0.32421875 0.2912109375 0.057812499999999996 0.115234375
0 0.39036458333333335 0.2966796875 0.07447916666666667 0.122265625
0 0.46380208333333334 0.30097656250000004 0.07447916666666667 0.122265625
0 0.5403645833333334 0.30605468750000003 0.07447916666666667 0.122265625
0 0.61953125 0.316015625 0.0765625 0.12812500000000002
0 0.7002604166666666 0.32167968750000003 0.08072916666666667 0.13007812500000002
1 0.36041666666666666 0.48046875 0.06041666666666667 0.0890625
1 0.41328125 0.487109375 0.0484375 0.0921875
1 0.471875 0.49746093750000003 0.06354166666666666 0.095703125
1 0.5408854166666667 0.51015625 0.07239583333333333 0.10390625
1 0.6114583333333333 0.5224609375 0.06875 0.099609375
1 0.6807291666666666 0.5349609375000001 0.06875 0.099609375
2 0.384375 0.6138671875 0.059375 0.09335937500000001
2 0.4432291666666667 0.6228515625000001 0.059375 0.09335937500000001
2 0.503125 0.6361328125000001 0.059375 0.09335937500000001
2 0.5596354166666666 0.6494140625 0.0546875 0.098046875
2 0.6143229166666666 0.6580078125000001 0.0546875 0.098046875
2 0.40182291666666664 0.73828125 0.04635416666666667 0.07578125000000001
2 0.44765625 0.7425781250000001 0.04635416666666667 0.07578125000000001
2 0.4981770833333333 0.755078125 0.05364583333333333 0.0765625
2 0.5513020833333333 0.7621093750000001 0.05364583333333333 0.0765625
