3 0.21666666666666667 0.3619140625 0.07916666666666666 0.126953125
3 0.2921875 0.361328125 0.07083333333333333 0.1265625
3 0.4236979166666667 0.3513671875 0.059895833333333336 0.129296875
3 0.4830729166666667 0.3501953125 0.0546875 0.12460937500000001
0 0.3625 0.358984375 0.06770833333333333 0.12187500000000001
0 0.22265625 0.587109375 0.0765625 0.1078125
0 0.2942708333333333 0.5798828125000001 0.06666666666666667 0.107421875
0 0.3580729166666667 0.569921875 0.059895833333333336 0.10546875
0 0.41510416666666666 0.558984375 0.05625 0.096875
0 0.4692708333333333 0.5515625000000001 0.052083333333333336 0.09140625000000001
0 0.22708333333333333 0.77890625 0.06875 0.0921875
0 0.2916666666666667 0.7605468750000001 0.06145833333333333 0.0890625
1 0.35260416666666666 0.74375 0.06145833333333333 0.0890625
1 0.40781249999999997 0.73203125 0.05 0.0859375
1 0.4578125 0.7197265625 0.052083333333333336 0.08476562500000001
2 0.23567708333333334 0.9207031250000001 0.0609375 0.10390625
2 0.2950520833333333 0.91015625 0.05260416666666667 0.10703125000000001
2 0.34921875 0.8871093750000001 0.05260416666666667 0.10703125000000001
2 0.40182291666666664 0.872265625 0.049479166666666664 0.1
2 0.4544270833333333 0.85546875 0.04635416666666667 0.09531250000000001
