3 0.23697916666666666 0.41523437500000004 0.09895833333333333 0.15859375
3 0.4317708333333333 0.6511718750000001 0.07395833333333333 0.10703125000000001
3 0.5088541666666666 0.653515625 0.07395833333333333 0.10703125000000001
3 0.5880208333333333 0.651953125 0.07395833333333333 0.10703125000000001
3 0.29583333333333334 0.822265625 0.06666666666666667 0.08671875000000001
3 0.36354166666666665 0.8191406250000001 0.06666666666666667 0.08671875000000001
3 0.43854166666666666 0.817578125 0.06666666666666667 0.08671875000000001
3 0.5020833333333333 0.817578125 0.06666666666666667 0.08671875000000001
3 0.5729166666666666 0.8128906250000001 0.06666666666666667 0.08671875000000001
1 0.26979166666666665 0.6546875000000001 0.08958333333333333 0.10625000000000001
1 0.35572916666666665 0.651953125 0.06979166666666667 0.10390625
0 0.3302083333333333 0.42500000000000004 0.1 0.1390625
0 0.4302083333333333 0.42265625 0.1 0.1390625
0 0.521875 0.424609375 0.08125 0.14296875
0 0.6109375 0.41914062500000004 0.090625 0.14296875
