1 0.3140625 0.34882812500000004 0.090625 0.14609375
1 0.41510416666666666 0.34609375000000003 0.08854166666666667 0.14375000000000002
1 0.49635416666666665 0.34453125 0.08854166666666667 0.14375000000000002
1 0.5807291666666666 0.34296875000000004 0.08854166666666667 0.14375000000000002
1 0.6713541666666667 0.343359375 0.08020833333333333 0.13984375000000002
1 0.7557291666666667 0.33984375 0.08645833333333333 0.13593750000000002
2 0.32916666666666666 0.55703125 0.08125 0.1484375
2 0.403125 0.55390625 0.08125 0.1484375
2 0.4822916666666667 0.5515625000000001 0.08125 0.1484375
2 0.5541666666666667 0.546875 0.08125 0.1484375
2 0.6239583333333333 0.54296875 0.08125 0.1484375
2 0.6947916666666667 0.5375 0.08125 0.1484375
2 0.3546875 0.731640625 0.071875 0.11171875
2 0.42864583333333334 0.7292968750000001 0.071875 0.11171875
2 0.49947916666666664 0.7214843750000001 0.06770833333333333 0.11015625000000001
2 0.5609375 0.714453125 0.06770833333333333 0.11015625000000001
2 0.6244791666666667 0.706640625 0.06770833333333333 0.11015625000000001
2 0.6833333333333333 0.7074218750000001 0.0625 0.10703125000000001
