0 0.44088541666666664 0.377734375 0.04010416666666666 0.078125
0 0.4822916666666667 0.384375 0.041666666666666664 0.08515625
0 0.5299479166666666 0.38828125 0.049479166666666664 0.07968750000000001
3 0.4348958333333333 0.48281250000000003 0.03854166666666667 0.08671875000000001
3 0.4739583333333333 0.49062500000000003 0.03854166666666667 0.08671875000000001
3 0.5171875 0.5 0.04583333333333333 0.084375
3 0.5635416666666666 0.49648437500000003 0.04583333333333333 0.084375
3 0.6075520833333333 0.491796875 0.0421875 0.08281250000000001
1 0.4348958333333333 0.5875 0.0375 0.0703125
1 0.47161458333333334 0.5984375000000001 0.0390625 0.07734375
1 0.5130208333333334 0.607421875 0.04479166666666667 0.07187500000000001
1 0.5588541666666667 0.603125 0.04479166666666667 0.07187500000000001
1 0.5994791666666667 0.598046875 0.0375 0.07187500000000001
2 0.43046875 0.7068359375000001 0.03802083333333333 0.10039062500000001
2 0.4674479166666667 0.7205078125000001 0.03802083333333333 0.10039062500000001
2 0.509375 0.728125 0.041666666666666664 0.09531250000000001
2 0.5557291666666666 0.7185546875000001 0.046875 0.095703125
1 0.6315104166666666 0.593359375 0.0296875 0.07500000000000001
3 0.64453125 0.487109375 0.028645833333333332 0.08671875000000001
