0 0.6140625 0.3384765625 0.09479166666666666 0.119140625
0 0.6947916666666667 0.33242187500000003 0.06354166666666666 0.11328125
0 0.7546875 0.326953125 0.051041666666666666 0.12187500000000001
0 0.3958333333333333 0.5716796875 0.08020833333333333 0.102734375
0 0.4666666666666667 0.5578125 0.06041666666666667 0.09843750000000001
0 0.5268229166666667 0.5455078125 0.057812499999999996 0.09335937500000001
0 0.5830729166666666 0.53359375 0.050520833333333334 0.09140625000000001
0 0.6390625 0.5205078125 0.05520833333333333 0.087109375
0 0.6942708333333333 0.5111328125 0.05520833333333333 0.087109375
1 0.38177083333333334 0.7294921875 0.06041666666666667 0.076171875
1 0.44427083333333334 0.7115234375 0.06041666666666667 0.076171875
1 0.5002604166666667 0.6974609375 0.0546875 0.076171875
1 0.5591145833333333 0.6814453125000001 0.0546875 0.076171875
1 0.60859375 0.6667968750000001 0.044270833333333336 0.07109375
2 0.38203125 0.8406250000000001 0.06927083333333334 0.07187500000000001
2 0.44140625 0.8207031250000001 0.049479166666666664 0.07421875
2 0.4895833333333333 0.8015625000000001 0.04479166666666667 0.06015625
2 0.5328125 0.7869140625000001 0.040625 0.055078125000000006
2 0.5760416666666667 0.7708984375000001 0.040625 0.055078125000000006
2 0.6192708333333333 0.7578125 0.04375 0.055468750000000004
