3 0.30078125 0.35000000000000003 0.07447916666666667 0.13828125
3 0.3734375 0.3466796875 0.06875 0.13789062500000002
3 0.4453125 0.3455078125 0.06875 0.13789062500000002
3 0.5114583333333333 0.34140625 0.06458333333333333 0.12734375
3 0.5768229166666666 0.337890625 0.06302083333333333 0.1234375
3 0.31328125 0.57734375 0.07447916666666667 0.1203125
3 0.3828125 0.562890625 0.06354166666666666 0.11406250000000001
3 0.44244791666666666 0.5525390625000001 0.05677083333333333 0.107421875
3 0.5020833333333333 0.541015625 0.05625 0.10390625
3 0.5575520833333333 0.5345703125 0.049479166666666664 0.10117187500000001
2 0.32135416666666666 0.7462890625 0.06875 0.109765625
2 0.384375 0.7332031250000001 0.05520833333333333 0.11640625
2 0.4395833333333333 0.7171875000000001 0.05520833333333333 0.11640625
2 0.490625 0.7046875 0.04791666666666666 0.11328125
2 0.5416666666666666 0.690625 0.04791666666666666 0.11328125
2 0.32135416666666666 0.89453125 0.06458333333333333 0.1
2 0.37994791666666666 0.8802734375000001 0.05260416666666667 0.098046875
2 0.43333333333333335 0.857421875 0.051041666666666666 0.08828125
2 0.48359375 0.8402343750000001 0.04635416666666667 0.084375
2 0.4825520833333333 0.839453125 0.04635416666666667 0.084375
2 0.5364583333333334 0.8341796875 0.04791666666666666 0.099609375
