0 0.30416666666666664 0.295703125 0.07083333333333333 0.12421875
0 0.371875 0.29375 0.08125 0.1265625
0 0.45416666666666666 0.28945312500000003 0.07916666666666666 0.13046875
0 0.5270833333333333 0.29375 0.07708333333333334 0.125
0 0.6020833333333333 0.28984375 0.07708333333333334 0.125
3 0.3125 0.5242187500000001 0.07291666666666667 0.115625
3 0.3833333333333333 0.52578125 0.07291666666666667 0.115625
3 0.45 0.5242187500000001 0.07291666666666667 0.115625
3 0.32395833333333335 0.73203125 0.07291666666666667 0.115625
3 0.3958333333333333 0.7328125000000001 0.07291666666666667 0.115625
3 0.4583333333333333 0.7359375 0.07291666666666667 0.115625
3 0.5270833333333333 0.7328125000000001 0.07291666666666667 0.115625
3 0.5994791666666667 0.7296875 0.07395833333333333 0.1203125
1 0.5984375 0.525 0.07604166666666666 0.1171875
1 0.5234375 0.5234375 0.07604166666666666 0.1171875
2 0.46979166666666666 0.92578125 0.058333333333333334 0.1390625
2 0.5380208333333333 0.925 0.065625 0.134375
2 0.603125 0.925 0.06666666666666667 0.1328125
2 0.4015625 0.9207031250000001 0.06979166666666667 0.12421875
