0 0.22421875 0.308203125 0.057812499999999996 0.12265625000000001
0 0.28151041666666665 0.31484375000000003 0.05677083333333333 0.1296875
0 0.34010416666666665 0.322265625 0.06041666666666667 0.13359375
0 0.403125 0.3310546875 0.0625 0.134765625
0 0.47421874999999997 0.34121093750000003 0.07864583333333333 0.138671875
1 0.23020833333333332 0.51796875 0.04895833333333333 0.09765625
1 0.2796875 0.532421875 0.04791666666666666 0.10312500000000001
1 0.3346354166666667 0.548046875 0.0609375 0.1078125
1 0.39296875 0.5591796875 0.057812499999999996 0.105859375
1 0.45859374999999997 0.5765625 0.07135416666666666 0.10625000000000001
3 0.23255208333333333 0.6880859375 0.04010416666666666 0.09335937500000001
3 0.2794270833333333 0.7068359375000001 0.05260416666666667 0.101953125
3 0.32838541666666665 0.7230468750000001 0.04635416666666667 0.09531250000000001
3 0.3768229166666667 0.7406250000000001 0.0515625 0.10078125
3 0.4354166666666667 0.7681640625 0.0625 0.09726562500000001
2 0.22682291666666665 0.823828125 0.0453125 0.09531250000000001
2 0.2708333333333333 0.8445312500000001 0.040625 0.08828125
2 0.3109375 0.862890625 0.040625 0.08828125
2 0.35625 0.8851562500000001 0.046875 0.09140625000000001
2 0.4192708333333333 0.9105468750000001 0.07708333333333334 0.09843750000000001
