3 0.09355509355509356 0.20877192982456141 0.06652806652806653 0.09005847953216374
3 0.15592515592515593 0.20877192982456141 0.06652806652806653 0.09005847953216374
3 0.22245322245322247 0.20877192982456141 0.06652806652806653 0.09005847953216374
3 0.29313929313929316 0.20760233918128657 0.06652806652806653 0.09005847953216374
3 0.12162162162162163 0.34210526315789475 0.060291060291060294 0.08070175438596491
3 0.18191268191268192 0.34093567251461987 0.060291060291060294 0.08070175438596491
3 0.23804573804573806 0.33976608187134505 0.060291060291060294 0.08070175438596491
3 0.3004158004158004 0.33742690058479535 0.060291060291060294 0.08070175438596491
3 0.49584199584199584 0.23567251461988303 0.04781704781704782 0.06900584795321638
3 0.5457380457380457 0.2368421052631579 0.04781704781704782 0.06900584795321638
3 0.5977130977130978 0.2368421052631579 0.04781704781704782 0.06900584795321638
3 0.6476091476091477 0.2391812865497076 0.04781704781704782 0.06900584795321638
3 0.6933471933471934 0.2391812865497076 0.04781704781704782 0.06900584795321638
3 0.4937629937629938 0.3608187134502924 0.04781704781704782 0.06900584795321638
3 0.5436590436590437 0.3654970760233918 0.04781704781704782 0.06900584795321638
3 0.5945945945945946 0.3678362573099415 0.0498960498960499 0.06900584795321638
3 0.6444906444906445 0.3701754385964912 0.0498960498960499 0.06900584795321638
3 0.6923076923076923 0.3678362573099415 0.0498960498960499 0.06900584795321638
3 0.7338877338877339 0.3649122807017544 0.04158004158004158 0.07017543859649122
3 0.1392931392931393 0.4631578947368421 0.058212058212058215 0.07953216374269007
3 0.20686070686070687 0.5385964912280702 0.056133056133056136 0.08304093567251462
3 0.2650727650727651 0.5362573099415204 0.056133056133056136 0.08304093567251462
3 0.32536382536382535 0.531578947368421 0.056133056133056136 0.08304093567251462
3 0.3856548856548857 0.5280701754385965 0.056133056133056136 0.08304093567251462
3 0.4386694386694387 0.5216374269005848 0.0498960498960499 0.08421052631578947
3 0.4937629937629938 0.5192982456140351 0.05197505197505198 0.08421052631578947
3 0.5457380457380457 0.5169590643274854 0.05197505197505198 0.08421052631578947
3 0.5956340956340956 0.512280701754386 0.05197505197505198 0.08421052631578947
3 0.6465696465696467 0.5076023391812866 0.0498960498960499 0.07719298245614035
3 0.6964656964656966 0.5017543859649123 0.0498960498960499 0.07719298245614035
3 0.7463617463617465 0.5017543859649123 0.0498960498960499 0.07719298245614035
3 0.7920997920997921 0.4982456140350877 0.0498960498960499 0.07719298245614035
3 0.83991683991684 0.495906432748538 0.0498960498960499 0.07719298245614035
3 0.8898128898128899 0.4888888888888889 0.0498960498960499 0.07485380116959064
3 0.9002079002079002 0.5649122807017544 0.04158004158004158 0.07017543859649122
3 0.8544698544698546 0.5684210526315789 0.04158004158004158 0.07017543859649122
3 0.8108108108108109 0.5730994152046783 0.04158004158004158 0.07017543859649122
3 0.7629937629937631 0.5766081871345029 0.04158004158004158 0.07017543859649122
3 0.7172557172557172 0.5812865497076023 0.04158004158004158 0.07017543859649122
3 0.6683991683991685 0.5853801169590643 0.04781704781704782 0.0736842105263158
3 0.6185031185031186 0.5900584795321637 0.04781704781704782 0.0736842105263158
3 0.5686070686070687 0.5947368421052631 0.04781704781704782 0.0736842105263158
3 0.5187110187110188 0.6005847953216374 0.04781704781704782 0.0736842105263158
3 0.4646569646569647 0.6064327485380117 0.04781704781704782 0.0736842105263158
3 0.11850311850311851 0.6087719298245614 0.05405405405405406 0.0783625730994152
3 0.19646569646569648 0.4461988304093567 0.056133056133056136 0.05497076023391813
3 0.24844074844074845 0.4415204678362573 0.056133056133056136 0.05497076023391813
3 0.30249480249480254 0.4391812865497076 0.056133056133056136 0.05497076023391813
