0 0.259375 0.44570312500000003 0.04375 0.07187500000000001
0 0.3046875 0.44609375 0.04375 0.07187500000000001
0 0.35104166666666664 0.44609375 0.04375 0.07187500000000001
1 0.40260416666666665 0.447265625 0.04375 0.07187500000000001
1 0.44635416666666666 0.44765625000000003 0.04375 0.07187500000000001
2 0.2716145833333333 0.5650390625 0.044270833333333336 0.087109375
2 0.3169270833333333 0.5658203125 0.044270833333333336 0.087109375
2 0.36223958333333334 0.5666015625 0.044270833333333336 0.087109375
2 0.4049479166666667 0.5673828125 0.044270833333333336 0.087109375
2 0.44869791666666664 0.5673828125 0.044270833333333336 0.087109375
2 0.27760416666666665 0.6876953125 0.040625 0.078515625
2 0.31927083333333334 0.6876953125 0.040625 0.078515625
2 0.3619791666666667 0.6869140625000001 0.040625 0.078515625
2 0.40260416666666665 0.6869140625000001 0.040625 0.078515625
2 0.44687499999999997 0.6861328125 0.040625 0.078515625
2 0.2765625 0.7953125000000001 0.03854166666666667 0.0703125
2 0.31875 0.794140625 0.03854166666666667 0.0703125
2 0.35885416666666664 0.794140625 0.03854166666666667 0.0703125
2 0.3997395833333333 0.7931640625 0.04010416666666666 0.06992187500000001
2 0.4440104166666667 0.79296875 0.043229166666666666 0.047656250000000004
