0 0.23307291666666666 0.3740234375 0.0890625 0.14179687500000002
0 0.32109375 0.37246093750000003 0.0890625 0.14179687500000002
0 0.409375 0.37324218750000004 0.0875 0.148046875
0 0.5005208333333333 0.3740234375 0.0875 0.148046875
0 0.5942708333333333 0.37246093750000003 0.0875 0.148046875
3 0.2559895833333333 0.6134765625 0.08072916666666667 0.125390625
3 0.334375 0.6126953125000001 0.07395833333333333 0.12382812500000001
3 0.40729166666666666 0.6142578125 0.07395833333333333 0.12382812500000001
3 0.4921875 0.6107421875000001 0.07395833333333333 0.12382812500000001
3 0.5729166666666666 0.6099609375 0.07395833333333333 0.12382812500000001
3 0.27838541666666666 0.8093750000000001 0.0671875 0.09140625000000001
3 0.34348958333333335 0.802734375 0.0671875 0.09140625000000001
3 0.42109375 0.80625 0.0671875 0.09140625000000001
3 0.49244791666666665 0.80625 0.0671875 0.09140625000000001
3 0.5606770833333333 0.80625 0.0671875 0.09140625000000001
2 0.28203125 0.95234375 0.0671875 0.09140625000000001
2 0.35130208333333335 0.9539062500000001 0.0671875 0.09140625000000001
2 0.42161458333333335 0.9539062500000001 0.0671875 0.09140625000000001
2 0.48515625 0.95234375 0.0671875 0.09140625000000001
2 0.5544270833333333 0.95078125 0.0671875 0.09140625000000001
