3 0.41119791666666666 0.421484375 0.08072916666666667 0.14609375
3 0.49947916666666664 0.4234375 0.08854166666666667 0.146875
3 0.5911458333333334 0.42265625 0.08854166666666667 0.146875
3 0.6833333333333333 0.43125 0.090625 0.13046875
3 0.7729166666666667 0.435546875 0.090625 0.13046875
0 0.4005208333333333 0.6412109375 0.07916666666666666 0.101953125
0 0.471875 0.6392578125 0.07916666666666666 0.101953125
0 0.55625 0.6373046875 0.07916666666666666 0.101953125
0 0.6255208333333333 0.6351562500000001 0.06875 0.10234375000000001
0 0.7 0.628125 0.06875 0.10234375000000001
1 0.3911458333333333 0.7958984375 0.06458333333333333 0.070703125
1 0.45989583333333334 0.7912109375 0.06458333333333333 0.070703125
1 0.5270833333333333 0.7869140625000001 0.06458333333333333 0.070703125
1 0.5932291666666667 0.7833984375 0.06458333333333333 0.070703125
1 0.6572916666666666 0.7798828125 0.06458333333333333 0.070703125
2 0.39010416666666664 0.8982421875000001 0.06354166666666666 0.049609375000000004
2 0.45677083333333335 0.8927734375 0.06354166666666666 0.049609375000000004
2 0.5208333333333334 0.8908203125 0.06354166666666666 0.049609375000000004
2 0.5760416666666667 0.8861328125000001 0.051041666666666666 0.051953125
2 0.6369791666666667 0.8826171875000001 0.06354166666666666 0.049609375000000004
