1 0.35859375 0.26992187500000003 0.034895833333333334 0.06796875000000001
1 0.4010416666666667 0.275390625 0.040625 0.06875
1 0.45989583333333334 0.278125 0.03958333333333333 0.06953125
1 0.49765624999999997 0.278125 0.03802083333333333 0.06953125
3 0.5549479166666667 0.2390625 0.022395833333333334 0.0625
3 0.5838541666666667 0.24082031250000002 0.028125 0.060546875
3 0.615625 0.24531250000000002 0.03229166666666666 0.0578125
3 0.5716145833333334 0.3306640625 0.028645833333333332 0.061328125000000004
3 0.6028645833333334 0.33359375 0.03177083333333333 0.05859375
3 0.5674479166666666 0.41347656250000003 0.021354166666666667 0.058984375000000006
3 0.5953125 0.41738281250000003 0.03125 0.058203125
3 0.41953124999999997 0.5712890625 0.033854166666666664 0.06992187500000001
3 0.45234375 0.5787109375 0.033854166666666664 0.06992187500000001
3 0.4861979166666667 0.5837890625000001 0.033854166666666664 0.06992187500000001
3 0.5200520833333333 0.5916015625000001 0.033854166666666664 0.06992187500000001
3 0.55390625 0.5974609375000001 0.033854166666666664 0.06992187500000001
3 0.5971354166666667 0.6076171875 0.0390625 0.072265625
3 0.7140625 0.5080078125 0.025 0.049609375000000004
2 0.3223958333333333 0.38906250000000003 0.026041666666666668 0.08828125
2 0.35052083333333334 0.39140625 0.030208333333333334 0.09062500000000001
2 0.3846354166666667 0.39394531250000003 0.03697916666666667 0.090234375
2 0.44088541666666664 0.40253906250000004 0.03697916666666667 0.090234375
2 0.47630208333333335 0.40078125000000003 0.033854166666666664 0.08828125
2 0.5052083333333334 0.398046875 0.029166666666666667 0.0859375
2 0.53125 0.3951171875 0.026041666666666668 0.08476562500000001
