3 0.23880208333333333 0.37343750000000003 0.06822916666666666 0.13125
1 0.30859375 0.37890625 0.06822916666666666 0.13125
0 0.390625 0.380859375 0.06875 0.12187500000000001
0 0.46041666666666664 0.38125000000000003 0.06875 0.12187500000000001
0 0.5375 0.382421875 0.06875 0.12187500000000001
3 0.2640625 0.5822265625 0.06770833333333333 0.105859375
3 0.32890625 0.582421875 0.0609375 0.1046875
3 0.39348958333333334 0.5857421875000001 0.0609375 0.095703125
3 0.46588541666666666 0.5861328125 0.0609375 0.095703125
3 0.53046875 0.5865234375 0.0609375 0.095703125
3 0.2752604166666667 0.753125 0.058854166666666666 0.09140625000000001
3 0.33567708333333335 0.751953125 0.058854166666666666 0.09140625000000001
3 0.39817708333333335 0.7523437500000001 0.058854166666666666 0.09140625000000001
3 0.4622395833333333 0.7515625 0.058854166666666666 0.09140625000000001
3 0.5216145833333333 0.7523437500000001 0.058854166666666666 0.09140625000000001
2 0.2856770833333333 0.8859375 0.058854166666666666 0.09140625000000001
2 0.34609375 0.8871093750000001 0.058854166666666666 0.09140625000000001
2 0.41015625 0.8894531250000001 0.058854166666666666 0.09140625000000001
2 0.4640625 0.8876953125 0.05520833333333333 0.091796875
2 0.5203125 0.8873046875 0.05520833333333333 0.091796875
