1 0.33177083333333335 0.338671875 0.06145833333333333 0.12109375
1 0.3932291666666667 0.35195312500000003 0.065625 0.12734375
1 0.45260416666666664 0.3484375 0.06979166666666667 0.13125
1 0.5203125 0.35234375 0.065625 0.13593750000000002
1 0.5776041666666667 0.34882812500000004 0.04895833333333333 0.12734375
1 0.6333333333333333 0.34296875000000004 0.0625 0.1203125
3 0.44635416666666666 0.636328125 0.06145833333333333 0.10390625
3 0.39427083333333335 0.623046875 0.051041666666666666 0.12734375
3 0.5078125 0.633984375 0.057291666666666664 0.10859375
3 0.5630208333333333 0.6218750000000001 0.04895833333333333 0.10312500000000001
3 0.6067708333333334 0.615234375 0.051041666666666666 0.11640625
0 0.3640625 0.786328125 0.051041666666666666 0.09140625000000001
0 0.4109375 0.7996093750000001 0.046875 0.10234375000000001
0 0.45677083333333335 0.8070312500000001 0.057291666666666664 0.084375
0 0.5098958333333333 0.7992187500000001 0.06145833333333333 0.09062500000000001
0 0.5557291666666666 0.7933593750000001 0.042708333333333334 0.09296875
0 0.5854166666666667 0.77265625 0.04583333333333333 0.09531250000000001
1 0.4322916666666667 0.509765625 0.06458333333333333 0.10859375
1 0.49947916666666664 0.5105468750000001 0.065625 0.11328125
1 0.5598958333333334 0.503125 0.059375 0.1078125
1 0.6213541666666667 0.487109375 0.05520833333333333 0.10234375000000001
1 0.3489583333333333 0.4609375 0.05 0.0921875
