0 0.4786458333333333 0.42324218750000003 0.06145833333333333 0.103515625
0 0.5390625 0.4306640625 0.06145833333333333 0.103515625
0 0.6020833333333333 0.4345703125 0.06145833333333333 0.103515625
0 0.6658854166666667 0.41347656250000003 0.04635416666666667 0.10429687500000001
0 0.7174479166666666 0.4091796875 0.05364583333333333 0.103515625
0 0.5276041666666667 0.566796875 0.057291666666666664 0.09765625
0 0.4692708333333333 0.566015625 0.057291666666666664 0.09765625
1 0.46041666666666664 0.6708984375 0.057291666666666664 0.09335937500000001
1 0.5208333333333334 0.6830078125000001 0.057291666666666664 0.09335937500000001
1 0.5911458333333334 0.6923828125 0.057291666666666664 0.09335937500000001
3 0.4630208333333333 0.7835937500000001 0.05 0.08281250000000001
3 0.5473958333333333 0.8226562500000001 0.05 0.08281250000000001
3 0.62109375 0.8111328125 0.0515625 0.087109375
0 0.44635416666666666 0.38222656250000003 0.04895833333333333 0.095703125
1 0.6427083333333333 0.6794921875000001 0.04895833333333333 0.09257812500000001
