3 0.34296875 0.4109375 0.033854166666666664 0.08046875
3 0.3716145833333333 0.41542968750000003 0.03177083333333333 0.079296875
3 0.4067708333333333 0.4224609375 0.03958333333333333 0.082421875
3 0.4440104166666667 0.440234375 0.03697916666666667 0.08203125
3 0.4875 0.446875 0.051041666666666666 0.07578125000000001
0 0.3403645833333333 0.5437500000000001 0.030729166666666665 0.06640625
0 0.37265625 0.5546875 0.030729166666666665 0.06640625
0 0.4049479166666667 0.5632812500000001 0.030729166666666665 0.06640625
0 0.43776041666666665 0.5736328125 0.0359375 0.069140625
0 0.47994791666666664 0.5847656250000001 0.0484375 0.0671875
1 0.33697916666666666 0.6595703125000001 0.034375 0.058984375000000006
1 0.3697916666666667 0.6703125000000001 0.030208333333333334 0.06015625
1 0.39947916666666666 0.684765625 0.030208333333333334 0.06015625
1 0.43072916666666666 0.6937500000000001 0.030208333333333334 0.06015625
1 0.47031249999999997 0.71015625 0.051041666666666666 0.06406250000000001
2 0.33177083333333335 0.7583984375 0.029166666666666667 0.07382812500000001
2 0.3598958333333333 0.7697265625 0.029166666666666667 0.07382812500000001
2 0.38958333333333334 0.7845703125000001 0.029166666666666667 0.07382812500000001
2 0.4192708333333333 0.7958984375 0.029166666666666667 0.07382812500000001
2 0.46015625 0.8146484375 0.04739583333333333 0.076171875
