0 0.23697916666666666 0.22226562500000002 0.09375 0.1484375
0 0.3255208333333333 0.219140625 0.08333333333333333 0.1453125
0 0.4119791666666667 0.213671875 0.07708333333333334 0.14375000000000002
0 0.49114583333333334 0.215234375 0.08125 0.140625
0 0.5723958333333333 0.213671875 0.07291666666666667 0.15000000000000002
1 0.2546875 0.487109375 0.08333333333333333 0.1375
1 0.3411458333333333 0.48867187500000003 0.07708333333333334 0.1375
1 0.4192708333333333 0.48476562500000003 0.08333333333333333 0.13593750000000002
1 0.4973958333333333 0.483984375 0.08125 0.1375
1 0.5755208333333334 0.48085937500000003 0.07916666666666666 0.13125
3 0.2682291666666667 0.735546875 0.07708333333333334 0.12812500000000002
3 0.3463541666666667 0.732421875 0.09166666666666666 0.12187500000000001
3 0.41822916666666665 0.733984375 0.08541666666666667 0.11875000000000001
3 0.4942708333333333 0.723828125 0.0875 0.13593750000000002
3 0.5776041666666667 0.719921875 0.08333333333333333 0.1375
2 0.271875 0.9261718750000001 0.08854166666666667 0.146875
2 0.35546875 0.926953125 0.0765625 0.1453125
2 0.43124999999999997 0.926953125 0.08645833333333333 0.1453125
2 0.5119791666666667 0.9285156250000001 0.07708333333333334 0.1421875
2 0.5838541666666667 0.9261718750000001 0.075 0.146875
