0 0.0703125 0.453125 0.043750000000000004 0.09791666666666667
0 0.10820312500000001 0.44895833333333335 0.03671875 0.1
0 0.144140625 0.43645833333333334 0.030468750000000003 0.09375
0 0.17539062500000002 0.43333333333333335 0.03671875 0.10833333333333334
0 0.21054687500000002 0.4244791666666667 0.03671875 0.10520833333333333
1 0.09257812500000001 0.6317708333333333 0.041406250000000006 0.09479166666666666
1 0.13007812500000002 0.6161458333333333 0.03671875 0.090625
3 0.16132812500000002 0.6057291666666667 0.030468750000000003 0.09479166666666666
3 0.19375 0.5885416666666666 0.034375 0.1
3 0.22617187500000002 0.5744791666666667 0.03359375 0.103125
2 0.11992187500000001 0.7770833333333333 0.03671875 0.12083333333333333
2 0.15195312500000002 0.7645833333333333 0.02734375 0.12083333333333333
2 0.181640625 0.7484375 0.03359375 0.11354166666666667
2 0.207421875 0.728125 0.032031250000000004 0.11666666666666667
2 0.2390625 0.7208333333333333 0.03125 0.125
2 0.14140625 0.921875 0.037500000000000006 0.10416666666666667
2 0.17695312500000002 0.9046875 0.025781250000000002 0.109375
2 0.2015625 0.8822916666666667 0.034375 0.10625
2 0.2265625 0.8619791666666666 0.026562500000000003 0.11354166666666667
2 0.25234375000000003 0.8541666666666666 0.034375 0.11666666666666667
