0 0.32135416666666666 0.36054687500000004 0.065625 0.11640625
0 0.3932291666666667 0.35976562500000003 0.065625 0.11640625
0 0.46510416666666665 0.36445312500000004 0.065625 0.11640625
1 0.5302083333333333 0.3609375 0.07083333333333333 0.11093750000000001
1 0.6010416666666667 0.359375 0.07083333333333333 0.11093750000000001
2 0.32395833333333335 0.534375 0.06666666666666667 0.12187500000000001
2 0.390625 0.5328125 0.06666666666666667 0.12187500000000001
2 0.453125 0.53359375 0.06666666666666667 0.12187500000000001
2 0.5114583333333333 0.5359375000000001 0.06666666666666667 0.12187500000000001
2 0.5760416666666667 0.53046875 0.06666666666666667 0.12187500000000001
2 0.334375 0.6937500000000001 0.06041666666666667 0.1046875
2 0.390625 0.6953125 0.06041666666666667 0.1046875
2 0.44479166666666664 0.69140625 0.06041666666666667 0.1046875
2 0.5041666666666667 0.6921875000000001 0.06041666666666667 0.1046875
2 0.5625 0.690625 0.06041666666666667 0.1046875
