3 0.2703125 0.268359375 0.036458333333333336 0.07421875
3 0.3078125 0.273046875 0.036458333333333336 0.07421875
3 0.3484375 0.27382812500000003 0.036458333333333336 0.07421875
3 0.3880208333333333 0.276171875 0.036458333333333336 0.07421875
3 0.2703125 0.378515625 0.036458333333333336 0.07421875
3 0.3098958333333333 0.381640625 0.036458333333333336 0.07421875
3 0.3463541666666667 0.382421875 0.036458333333333336 0.07421875
3 0.3859375 0.386328125 0.036458333333333336 0.07421875
3 0.2708333333333333 0.471484375 0.0375 0.06171875
3 0.309375 0.471484375 0.0375 0.06171875
3 0.3421875 0.472265625 0.03229166666666666 0.06015625
3 0.37864583333333335 0.474609375 0.03229166666666666 0.06015625
0 0.5364583333333334 0.30781250000000004 0.025 0.06406250000000001
0 0.565625 0.312109375 0.027083333333333334 0.06484375
0 0.5984375 0.315234375 0.034375 0.06484375
0 0.6338541666666666 0.319140625 0.034375 0.06484375
0 0.6661458333333333 0.319140625 0.026041666666666668 0.06484375
0 0.5161458333333333 0.417578125 0.02395833333333333 0.06015625
0 0.5411458333333333 0.42617187500000003 0.02395833333333333 0.06015625
0 0.56875 0.43007812500000003 0.027083333333333334 0.06015625
0 0.5994791666666667 0.43476562500000004 0.03229166666666666 0.06171875
0 0.6338541666666666 0.43789062500000003 0.036458333333333336 0.06171875
0 0.6666666666666666 0.43671875000000004 0.029166666666666667 0.060937500000000006
0 0.1453125 0.579296875 0.040625 0.07109375
0 0.184375 0.579296875 0.0375 0.07109375
0 0.22604166666666667 0.58046875 0.041666666666666664 0.0703125
0 0.27291666666666664 0.578125 0.041666666666666664 0.0703125
0 0.3145833333333333 0.58046875 0.041666666666666664 0.0703125
0 0.35833333333333334 0.58203125 0.041666666666666664 0.0703125
1 0.06458333333333333 0.575390625 0.04375 0.07109375
1 0.10364583333333333 0.5750000000000001 0.03854166666666667 0.07187500000000001
3 0.4015625 0.57734375 0.036458333333333336 0.07500000000000001
3 0.44114583333333335 0.578125 0.036458333333333336 0.07500000000000001
3 0.47760416666666666 0.5765625 0.036458333333333336 0.07500000000000001
3 0.5177083333333333 0.57734375 0.03958333333333333 0.0765625
3 0.5572916666666666 0.57734375 0.03958333333333333 0.0765625
3 0.5958333333333333 0.577734375 0.035416666666666666 0.07734375
3 0.6328125 0.5796875 0.036458333333333336 0.07968750000000001
3 0.66875 0.580078125 0.035416666666666666 0.08046875
3 0.7052083333333333 0.582421875 0.03125 0.07578125000000001
3 0.7411458333333333 0.5828125000000001 0.036458333333333336 0.0734375
3 0.7807291666666667 0.58125 0.036458333333333336 0.0734375
3 0.4 0.669921875 0.041666666666666664 0.08046875
3 0.4427083333333333 0.669921875 0.041666666666666664 0.08046875
3 0.48333333333333334 0.6683593750000001 0.041666666666666664 0.08046875
3 0.5229166666666667 0.667578125 0.041666666666666664 0.08046875
3 0.5645833333333333 0.6707031250000001 0.041666666666666664 0.08046875
3 0.603125 0.6703125000000001 0.0375 0.07968750000000001
3 0.6401041666666667 0.6703125000000001 0.03854166666666667 0.078125
3 0.71875 0.67109375 0.03958333333333333 0.07500000000000001
3 0.6796875 0.6687500000000001 0.034375 0.0765625
3 0.7583333333333333 0.6703125000000001 0.03958333333333333 0.07500000000000001
3 0.8 0.6703125000000001 0.03958333333333333 0.07500000000000001
0 0.3578125 0.6765625000000001 0.03854166666666667 0.0734375
0 0.3151041666666667 0.675 0.03854166666666667 0.0734375
0 0.27447916666666666 0.67734375 0.03854166666666667 0.0734375
1 0.0375 0.679296875 0.04375 0.06796875000000001
2 0.8411458333333334 0.662109375 0.036458333333333336 0.09453125000000001
2 0.8807291666666667 0.657421875 0.036458333333333336 0.09453125000000001
2 0.921875 0.6703125000000001 0.04375 0.0859375
2 0.9640624999999999 0.669140625 0.03854166666666667 0.08828125
0 0.17552083333333332 0.6800781250000001 0.03854166666666667 0.06953125
