0 0.3546875 0.3083984375 0.05416666666666667 0.13789062500000002
0 0.41171874999999997 0.32949218750000003 0.059895833333333336 0.15351562500000002
0 0.48723958333333334 0.35000000000000003 0.08385416666666666 0.1546875
0 0.57421875 0.353515625 0.08385416666666666 0.1546875
0 0.6596354166666667 0.34023437500000003 0.08385416666666666 0.1453125
0 0.7471354166666666 0.32890625 0.0859375 0.14140625
3 0.36328125 0.47304687500000003 0.05260416666666667 0.13046875
3 0.4166666666666667 0.49648437500000003 0.05 0.14453125
3 0.4786458333333333 0.5193359375000001 0.06875 0.143359375
3 0.5544270833333333 0.5224609375 0.07864583333333333 0.133203125
3 0.6330729166666667 0.5103515625 0.07552083333333333 0.13007812500000002
3 0.709375 0.5005859375 0.07395833333333333 0.12617187500000002
1 0.37838541666666664 0.6193359375 0.04739583333333333 0.106640625
1 0.42734374999999997 0.64375 0.0484375 0.11640625
1 0.4869791666666667 0.6669921875 0.06354166666666666 0.11601562500000001
1 0.5544270833333333 0.6683593750000001 0.06927083333333334 0.10625000000000001
1 0.6213541666666667 0.6609375000000001 0.06458333333333333 0.1078125
1 0.6869791666666667 0.64765625 0.06458333333333333 0.1078125
2 0.39557291666666666 0.7464843750000001 0.03697916666666667 0.115625
2 0.4356770833333333 0.7693359375000001 0.04010416666666666 0.11601562500000001
2 0.4828125 0.8 0.05416666666666667 0.11953125
2 0.5447916666666667 0.8109375000000001 0.06145833333333333 0.11875000000000001
2 0.6057291666666667 0.7966796875000001 0.05625 0.117578125
2 0.6643229166666667 0.7857421875 0.05677083333333333 0.11601562500000001
