0 0.3072916666666667 0.31953125000000004 0.058333333333333334 0.10312500000000001
0 0.3854166666666667 0.34140625 0.06666666666666667 0.09062500000000001
0 0.44479166666666664 0.353125 0.06666666666666667 0.09062500000000001
0 0.5072916666666667 0.365234375 0.06041666666666667 0.09140625000000001
0 0.30625 0.472265625 0.06041666666666667 0.09140625000000001
0 0.365625 0.478515625 0.06041666666666667 0.09140625000000001
0 0.41875 0.487890625 0.06875 0.08984375
0 0.46875 0.4921875 0.052083333333333336 0.08750000000000001
1 0.2609375 0.574609375 0.04895833333333333 0.08203125
1 0.30364583333333334 0.590234375 0.059375 0.08203125
1 0.3515625 0.6003906250000001 0.059375 0.08203125
1 0.40260416666666665 0.6058593750000001 0.059375 0.08203125
1 0.48125 0.59765625 0.035416666666666666 0.0703125
