0 0.5151041666666667 0.43789062500000003 0.071875 0.12734375
1 0.5864583333333333 0.44179687500000003 0.0625 0.11953125
1 0.7703125 0.448046875 0.059375 0.10078125
1 0.8473958333333333 0.44921875 0.051041666666666666 0.0890625
2 0.6333333333333333 0.6019531250000001 0.0625 0.11171875
2 0.6869791666666667 0.598828125 0.053125 0.11484375000000001
2 0.7484375 0.603515625 0.057291666666666664 0.12734375
2 0.8098958333333334 0.606640625 0.06979166666666667 0.13359375
2 0.496875 0.748046875 0.058333333333333334 0.09453125000000001
2 0.5552083333333333 0.748046875 0.058333333333333334 0.09453125000000001
2 0.609375 0.7425781250000001 0.058333333333333334 0.09453125000000001
2 0.6604166666666667 0.747265625 0.058333333333333334 0.09453125000000001
2 0.7270833333333333 0.745703125 0.058333333333333334 0.09453125000000001
2 0.7895833333333333 0.744140625 0.058333333333333334 0.09453125000000001
