3 0.10781249999999999 0.408984375 0.057291666666666664 0.09296875
3 0.15885416666666666 0.412890625 0.057291666666666664 0.11015625000000001
3 0.2140625 0.40664062500000003 0.057291666666666664 0.10078125
3 0.2708333333333333 0.40273437500000003 0.06458333333333333 0.10234375000000001
0 0.13177083333333334 0.5320312500000001 0.04895833333333333 0.07968750000000001
0 0.1828125 0.53046875 0.065625 0.0859375
0 0.2359375 0.534375 0.057291666666666664 0.08750000000000001
0 0.2838541666666667 0.5242187500000001 0.059375 0.08281250000000001
0 0.0828125 0.51484375 0.040625 0.084375
0 0.31354166666666666 0.515625 0.029166666666666667 0.0765625
0 0.14114583333333333 0.6414062500000001 0.03854166666666667 0.08750000000000001
1 0.18385416666666665 0.64609375 0.059375 0.08125
1 0.23177083333333334 0.6414062500000001 0.057291666666666664 0.078125
1 0.2828125 0.637890625 0.057291666666666664 0.08515625
1 0.31979166666666664 0.77109375 0.05625 0.07968750000000001
1 0.2755208333333333 0.78515625 0.051041666666666666 0.0765625
1 0.22447916666666667 0.792578125 0.05520833333333333 0.07734375
1 0.1828125 0.792578125 0.040625 0.07890625000000001
