3 0.37916666666666665 0.4216796875 0.0625 0.103515625
3 0.4453125 0.42402343750000004 0.0625 0.103515625
3 0.5088541666666666 0.4248046875 0.0625 0.103515625
3 0.5723958333333333 0.42597656250000004 0.0625 0.103515625
3 0.6364583333333333 0.42792968750000004 0.0625 0.103515625
3 0.6979166666666666 0.4283203125 0.0625 0.103515625
0 0.37864583333333335 0.591015625 0.06041666666666667 0.08515625
0 0.4427083333333333 0.5916015625000001 0.059375 0.08085937500000001
0 0.5013020833333334 0.5921875 0.05364583333333333 0.08046875
0 0.5546875 0.5906250000000001 0.06041666666666667 0.08515625
0 0.5541666666666667 0.5916015625000001 0.053125 0.082421875
1 0.61015625 0.5955078125000001 0.050520833333333334 0.07695312500000001
1 0.6651041666666666 0.595703125 0.05625 0.07500000000000001
0 0.3815104166666667 0.7240234375000001 0.049479166666666664 0.068359375
0 0.43255208333333334 0.7236328125 0.049479166666666664 0.068359375
0 0.48359375 0.7232421875 0.049479166666666664 0.068359375
1 0.5369791666666667 0.7250000000000001 0.05 0.06640625
1 0.5895833333333333 0.726171875 0.05 0.06640625
1 0.646875 0.7275390625 0.05625 0.064453125
3 0.37916666666666665 0.8427734375 0.04479166666666667 0.058984375000000006
3 0.4276041666666667 0.8416015625000001 0.04479166666666667 0.058984375000000006
3 0.47760416666666666 0.8416015625000001 0.04479166666666667 0.058984375000000006
3 0.5265625 0.8419921875 0.04479166666666667 0.058984375000000006
3 0.5770833333333333 0.8376953125000001 0.04479166666666667 0.058984375000000006
3 0.628125 0.8380859375 0.04479166666666667 0.058984375000000006
3 0.6270833333333333 0.8373046875000001 0.04479166666666667 0.058984375000000006
