3 0.25807291666666665 0.24472656250000002 0.0296875 0.08476562500000001
3 0.28932291666666665 0.2494140625 0.034895833333333334 0.086328125
3 0.32916666666666666 0.25234375000000003 0.04479166666666667 0.0890625
3 0.3729166666666667 0.253125 0.04479166666666667 0.0890625
3 0.41875 0.251953125 0.04479166666666667 0.0890625
3 0.5578125 0.255078125 0.05520833333333333 0.10234375000000001
3 0.609375 0.257421875 0.04479166666666667 0.10312500000000001
3 0.6557291666666667 0.2609375 0.04479166666666667 0.10312500000000001
3 0.7049479166666667 0.2662109375 0.0515625 0.101953125
3 0.22864583333333333 0.3806640625 0.030208333333333334 0.078515625
3 0.2609375 0.386328125 0.036458333333333336 0.08046875
3 0.2994791666666667 0.39199218750000003 0.042708333333333334 0.08164062500000001
3 0.34270833333333334 0.3921875 0.041666666666666664 0.078125
3 0.3846354166666667 0.39101562500000003 0.04114583333333333 0.07500000000000001
3 0.42552083333333335 0.38613281250000003 0.0375 0.072265625
3 0.5484375 0.38300781250000004 0.04583333333333333 0.091015625
3 0.5919270833333333 0.3896484375 0.04114583333333333 0.09257812500000001
3 0.6380208333333334 0.39609375 0.04583333333333333 0.08984375
3 0.6854166666666667 0.39960937500000004 0.04583333333333333 0.08984375
3 0.5416666666666666 0.5005859375 0.03854166666666667 0.069140625
3 0.584375 0.5083984375 0.03854166666666667 0.069140625
3 0.63046875 0.5177734375 0.0390625 0.07773437500000001
3 0.6734375 0.5248046875 0.04479166666666667 0.07773437500000001
3 0.22864583333333333 0.5478515625 0.040625 0.082421875
3 0.26588541666666665 0.5521484375 0.03802083333333333 0.087109375
3 0.3065104166666667 0.5625 0.043229166666666666 0.08750000000000001
3 0.3497395833333333 0.566015625 0.043229166666666666 0.08750000000000001
3 0.38567708333333334 0.577734375 0.028645833333333332 0.09375
3 0.4205729166666667 0.5890625 0.0390625 0.08828125
3 0.4627604166666667 0.6000000000000001 0.0421875 0.09062500000000001
3 0.5065104166666666 0.62421875 0.0421875 0.09062500000000001
3 0.55 0.6306640625000001 0.04479166666666667 0.083984375
1 0.5953125 0.6337890625 0.04479166666666667 0.083203125
1 0.6434895833333333 0.6468750000000001 0.0484375 0.08359375000000001
1 0.58359375 0.7115234375 0.0390625 0.067578125
1 0.6299479166666666 0.7234375000000001 0.049479166666666664 0.06640625
3 0.23411458333333332 0.6234375000000001 0.03802083333333333 0.07187500000000001
3 0.2708333333333333 0.6335937500000001 0.035416666666666666 0.07265625
3 0.3067708333333333 0.640625 0.035416666666666666 0.07265625
3 0.3421875 0.6507812500000001 0.035416666666666666 0.07265625
3 0.37916666666666665 0.6607421875 0.03854166666666667 0.071484375
3 0.4192708333333333 0.6701171875 0.03854166666666667 0.071484375
3 0.4578125 0.6802734375 0.03854166666666667 0.071484375
3 0.4973958333333333 0.6958984375 0.03854166666666667 0.071484375
3 0.5401041666666666 0.7080078125 0.046875 0.069140625
1 0.7752604166666667 0.48828125 0.0328125 0.06171875
2 0.15390625 0.5888671875 0.03802083333333333 0.09726562500000001
