3 0.3208333333333333 0.27890625 0.07083333333333333 0.125
3 0.3875 0.27890625 0.07083333333333333 0.125
3 0.459375 0.27890625 0.07083333333333333 0.125
3 0.5229166666666667 0.28046875 0.07083333333333333 0.125
3 0.5885416666666666 0.28046875 0.07083333333333333 0.125
3 0.6625 0.28046875 0.07083333333333333 0.125
3 0.46197916666666666 0.46718750000000003 0.053125 0.10312500000000001
3 0.5203125 0.46484375 0.053125 0.10312500000000001
3 0.5807291666666666 0.46718750000000003 0.053125 0.10312500000000001
3 0.6401041666666667 0.46796875000000004 0.053125 0.10312500000000001
3 0.403125 0.6292968750000001 0.05416666666666667 0.08984375
3 0.45729166666666665 0.6292968750000001 0.05416666666666667 0.08984375
3 0.5177083333333333 0.6253906250000001 0.05416666666666667 0.08984375
3 0.575 0.630859375 0.05416666666666667 0.08984375
3 0.6302083333333334 0.6277343750000001 0.05416666666666667 0.08984375
0 0.3416666666666667 0.472265625 0.0625 0.09609375
0 0.4010416666666667 0.472265625 0.0625 0.09609375
1 0.34375 0.63984375 0.0625 0.08125
2 0.3572916666666667 0.76484375 0.058333333333333334 0.09843750000000001
2 0.4145833333333333 0.7640625000000001 0.058333333333333334 0.09843750000000001
2 0.4692708333333333 0.76484375 0.04895833333333333 0.09843750000000001
2 0.5192708333333333 0.7585937500000001 0.04895833333333333 0.09843750000000001
2 0.5692708333333333 0.75546875 0.04895833333333333 0.09843750000000001
2 0.6223958333333334 0.759375 0.04895833333333333 0.09843750000000001
