3 0.33489583333333334 0.45136718750000004 0.03229166666666666 0.069140625
3 0.36640625 0.45429687500000004 0.028645833333333332 0.06875
3 0.39609375 0.4580078125 0.030729166666666665 0.073046875
3 0.428125 0.462890625 0.030208333333333334 0.07265625
3 0.46432291666666664 0.46699218750000004 0.04114583333333333 0.07382812500000001
3 0.5104166666666666 0.4716796875 0.04895833333333333 0.070703125
0 0.35182291666666665 0.5652343750000001 0.0296875 0.0578125
0 0.3794270833333333 0.570703125 0.027604166666666666 0.05859375
0 0.40911458333333334 0.5767578125 0.030729166666666665 0.060546875
0 0.44114583333333335 0.5828125000000001 0.030208333333333334 0.06015625
0 0.47213541666666664 0.5888671875 0.0328125 0.062109375
0 0.5059895833333333 0.5966796875 0.0328125 0.062109375
0 0.35572916666666665 0.6681640625 0.03125 0.053515625000000004
0 0.38697916666666665 0.67578125 0.029166666666666667 0.057031250000000006
1 0.4158854166666667 0.68359375 0.027604166666666666 0.057031250000000006
1 0.44505208333333335 0.6904296875 0.03177083333333333 0.055078125000000006
1 0.4778645833333333 0.6986328125000001 0.0328125 0.056640625
1 0.5171875 0.7072265625 0.046875 0.056640625
2 0.35572916666666665 0.7548828125 0.025 0.066796875
2 0.38229166666666664 0.7611328125000001 0.025 0.066796875
2 0.4140625 0.7720703125 0.0375 0.07695312500000001
2 0.4473958333333333 0.7828125 0.029166666666666667 0.07109375
2 0.4752604166666667 0.7917968750000001 0.025520833333333333 0.07265625
2 0.5169270833333334 0.8005859375000001 0.05677083333333333 0.054296875
