0 0.4348958333333333 0.37929687500000003 0.08645833333333333 0.13671875
0 0.5104166666666666 0.36933593750000004 0.06666666666666667 0.137109375
0 0.5700520833333333 0.355078125 0.05260416666666667 0.1296875
0 0.62421875 0.350390625 0.05260416666666667 0.1296875
0 0.6778645833333333 0.3384765625 0.05260416666666667 0.119140625
3 0.4479166666666667 0.6046875 0.07916666666666666 0.1234375
3 0.5145833333333333 0.583203125 0.05416666666666667 0.1125
3 0.5640625 0.56875 0.04479166666666667 0.10703125000000001
3 0.6106770833333334 0.5505859375000001 0.050520833333333334 0.103515625
3 0.6653645833333334 0.5349609375000001 0.050520833333333334 0.103515625
3 0.5169270833333334 0.763671875 0.049479166666666664 0.0921875
3 0.4544270833333333 0.7919921875 0.07135416666666666 0.08945312500000001
3 0.5651041666666666 0.7439453125000001 0.04375 0.08476562500000001
3 0.609375 0.7208984375 0.04375 0.08476562500000001
3 0.65 0.7052734375 0.03958333333333333 0.080078125
2 0.47239583333333335 0.9242187500000001 0.075 0.10546875
2 0.5302083333333333 0.89765625 0.0375 0.08203125
2 0.571875 0.8703125 0.04583333333333333 0.07890625000000001
2 0.6177083333333333 0.8441406250000001 0.04583333333333333 0.07890625000000001
