0 0.209375 0.405078125 0.09166666666666666 0.12265625000000001
0 0.29270833333333335 0.40468750000000003 0.08958333333333333 0.12187500000000001
0 0.37916666666666665 0.40664062500000003 0.07916666666666666 0.12578125
0 0.4536458333333333 0.4078125 0.08020833333333333 0.12812500000000002
0 0.5276041666666667 0.40625 0.07604166666666666 0.1265625
1 0.23489583333333333 0.6117187500000001 0.07604166666666666 0.09062500000000001
1 0.30885416666666665 0.609375 0.07604166666666666 0.09062500000000001
1 0.38177083333333334 0.60859375 0.078125 0.09531250000000001
3 0.4552083333333333 0.610546875 0.058333333333333334 0.09921875000000001
3 0.5166666666666666 0.608984375 0.058333333333333334 0.09921875000000001
3 0.2625 0.7718750000000001 0.05625 0.08281250000000001
3 0.32395833333333335 0.76875 0.05625 0.08281250000000001
3 0.3848958333333333 0.7734375 0.065625 0.0890625
3 0.4484375 0.76875 0.065625 0.0890625
