0 0.32708333333333334 0.36054687500000004 0.09166666666666666 0.14453125
0 0.41770833333333335 0.36328125 0.10208333333333333 0.15625
0 0.5125 0.36484375 0.09166666666666666 0.15625
1 0.6005208333333333 0.36953125000000003 0.08854166666666667 0.1625
1 0.68125 0.35859375000000004 0.08125 0.15781250000000002
2 0.35572916666666665 0.5789062500000001 0.08020833333333333 0.15781250000000002
2 0.4401041666666667 0.58125 0.07395833333333333 0.16562500000000002
2 0.5130208333333334 0.58046875 0.07604166666666666 0.1640625
2 0.5875 0.58046875 0.07708333333333334 0.1703125
2 0.6661458333333333 0.5828125000000001 0.07604166666666666 0.16875
2 0.3640625 0.790234375 0.06770833333333333 0.11796875000000001
2 0.4380208333333333 0.7855468750000001 0.07395833333333333 0.12734375
2 0.5078125 0.780859375 0.06979166666666667 0.13359375
2 0.58125 0.78125 0.07291666666666667 0.1390625
2 0.65 0.776953125 0.06458333333333333 0.12265625000000001
