0 0.4265625 0.3845703125 0.029166666666666667 0.052734375
0 0.45989583333333334 0.38691406250000004 0.029166666666666667 0.052734375
0 0.4927083333333333 0.38496093750000004 0.029166666666666667 0.052734375
0 0.5276041666666667 0.38496093750000004 0.029166666666666667 0.052734375
0 0.559375 0.3853515625 0.029166666666666667 0.052734375
1 0.42890625 0.4841796875 0.0296875 0.048828125
1 0.46067708333333335 0.48457031250000004 0.0296875 0.048828125
1 0.4934895833333333 0.48378906250000003 0.0296875 0.048828125
3 0.5234375 0.48378906250000003 0.027083333333333334 0.048828125
3 0.5546875 0.48457031250000004 0.027083333333333334 0.048828125
3 0.4302083333333333 0.573828125 0.028125 0.051562500000000004
3 0.4614583333333333 0.573828125 0.028125 0.051562500000000004
3 0.49114583333333334 0.572265625 0.028125 0.051562500000000004
3 0.521875 0.57265625 0.028125 0.051562500000000004
3 0.5541666666666667 0.5730468750000001 0.028125 0.051562500000000004
2 0.43124999999999997 0.6525390625 0.029166666666666667 0.057421875000000004
2 0.46041666666666664 0.6525390625 0.029166666666666667 0.057421875000000004
2 0.4895833333333333 0.6525390625 0.029166666666666667 0.057421875000000004
2 0.5192708333333333 0.6525390625 0.029166666666666667 0.057421875000000004
2 0.5505208333333333 0.6521484375000001 0.029166666666666667 0.057421875000000004
