3 0.19947916666666665 0.27773437500000003 0.10520833333333333 0.16171875000000002
3 0.2973958333333333 0.2837890625 0.08958333333333333 0.16132812500000002
3 0.38203125 0.2939453125 0.08697916666666666 0.14570312500000002
1 0.4731770833333333 0.2998046875 0.09010416666666667 0.14570312500000002
1 0.5658854166666667 0.30488281250000004 0.0921875 0.148046875
0 0.25807291666666665 0.5091796875 0.07239583333333333 0.10117187500000001
0 0.33359375 0.5142578125 0.07239583333333333 0.10117187500000001
0 0.40703125 0.5232421875000001 0.07239583333333333 0.10117187500000001
0 0.48359375 0.5306640625 0.07239583333333333 0.10117187500000001
0 0.5669270833333333 0.5384765625 0.07239583333333333 0.10117187500000001
0 0.6502604166666667 0.5466796875000001 0.07239583333333333 0.10117187500000001
3 0.29322916666666665 0.6669921875 0.05520833333333333 0.08867187500000001
3 0.35859375 0.6765625000000001 0.07239583333333333 0.09531250000000001
3 0.42994791666666665 0.6841796875 0.06927083333333334 0.09648437500000001
3 0.49765624999999997 0.69140625 0.06302083333333333 0.08984375
3 0.5611979166666666 0.6996093750000001 0.06302083333333333 0.08984375
3 0.6278645833333333 0.710546875 0.06302083333333333 0.08984375
2 0.321875 0.7888671875000001 0.06041666666666667 0.07773437500000001
2 0.38385416666666666 0.7978515625 0.06041666666666667 0.07773437500000001
2 0.4458333333333333 0.8060546875000001 0.06041666666666667 0.07773437500000001
2 0.5072916666666667 0.8119140625000001 0.06041666666666667 0.07773437500000001
2 0.56640625 0.821484375 0.0546875 0.0734375
2 0.6236979166666666 0.82578125 0.0546875 0.0734375
