3 0.3671875 0.40664062500000003 0.057291666666666664 0.10078125
3 0.42864583333333334 0.408203125 0.057291666666666664 0.10078125
3 0.4901041666666667 0.40664062500000003 0.057291666666666664 0.10078125
3 0.5515625 0.4078125 0.057291666666666664 0.10078125
3 0.6098958333333333 0.40664062500000003 0.057291666666666664 0.10078125
3 0.671875 0.40625 0.057291666666666664 0.10078125
3 0.6708333333333333 0.40546875000000004 0.057291666666666664 0.10078125
3 0.3794270833333333 0.5652343750000001 0.04739583333333333 0.0890625
3 0.4393229166666667 0.562890625 0.04739583333333333 0.0890625
3 0.4979166666666667 0.5640625 0.06041666666666667 0.08984375
3 0.5526041666666667 0.564453125 0.04583333333333333 0.08828125
0 0.59921875 0.5697265625 0.04635416666666667 0.074609375
0 0.6552083333333333 0.569921875 0.05625 0.0765625
1 0.38984375 0.6994140625 0.0484375 0.063671875
1 0.43984375 0.7001953125 0.0484375 0.063671875
1 0.4940104166666667 0.7001953125 0.0484375 0.063671875
1 0.5434895833333333 0.6994140625 0.0484375 0.063671875
1 0.59296875 0.7021484375 0.0484375 0.063671875
1 0.6440104166666667 0.7033203125 0.0484375 0.063671875
2 0.40078125 0.804296875 0.0484375 0.07578125000000001
2 0.4458333333333333 0.8074218750000001 0.04375 0.07500000000000001
2 0.4895833333333333 0.806640625 0.04375 0.07500000000000001
2 0.53671875 0.8076171875 0.04635416666666667 0.07773437500000001
2 0.5830729166666666 0.8083984375000001 0.04635416666666667 0.07773437500000001
2 0.6299479166666666 0.8087890625 0.04635416666666667 0.07773437500000001
