1 0.325 0.494140625 0.03229166666666666 0.06171875
1 0.36223958333333334 0.4939453125 0.03802083333333333 0.062109375
1 0.40260416666666665 0.49453125000000003 0.0375 0.06015625
1 0.440625 0.49375 0.0375 0.06015625
1 0.48020833333333335 0.494921875 0.0375 0.06015625
0 0.32109375 0.6080078125 0.03697916666666667 0.055859375
0 0.35963541666666665 0.6072265625000001 0.03697916666666667 0.055859375
0 0.475 0.607421875 0.036458333333333336 0.0578125
3 0.39817708333333335 0.6078125000000001 0.03697916666666667 0.059375000000000004
3 0.43515624999999997 0.608984375 0.03697916666666667 0.059375000000000004
3 0.32317708333333334 0.7132812500000001 0.03697916666666667 0.059375000000000004
3 0.35911458333333335 0.7117187500000001 0.03697916666666667 0.059375000000000004
3 0.39609375 0.712109375 0.03697916666666667 0.059375000000000004
3 0.43307291666666664 0.7109375 0.03697916666666667 0.059375000000000004
3 0.46848958333333335 0.710546875 0.03697916666666667 0.059375000000000004
2 0.31875 0.8083984375000001 0.035416666666666666 0.067578125
2 0.35520833333333335 0.8080078125000001 0.035416666666666666 0.067578125
2 0.390625 0.8068359375 0.035416666666666666 0.067578125
2 0.4265625 0.8064453125000001 0.035416666666666666 0.067578125
2 0.46458333333333335 0.8052734375 0.035416666666666666 0.067578125
