0 0.3776041666666667 0.37714843750000004 0.03854166666666667 0.09257812500000001
0 0.4200520833333333 0.38828125 0.043229166666666666 0.09921875000000001
3 0.47031249999999997 0.39296875000000003 0.05416666666666667 0.1078125
3 0.5244791666666666 0.39609375 0.05625 0.11093750000000001
3 0.578125 0.39667968750000004 0.051041666666666666 0.110546875
1 0.36666666666666664 0.49238281250000004 0.036458333333333336 0.08164062500000001
1 0.4046875 0.5025390625 0.036458333333333336 0.08164062500000001
1 0.44817708333333334 0.5173828125000001 0.0515625 0.08476562500000001
1 0.5005208333333333 0.519921875 0.052083333333333336 0.084375
1 0.5520833333333334 0.5166015625 0.04791666666666666 0.083984375
1 0.5971354166666667 0.5103515625 0.044270833333333336 0.078515625
1 0.37604166666666666 0.6017578125 0.03333333333333333 0.07773437500000001
1 0.4122395833333333 0.6126953125000001 0.03697916666666667 0.078515625
1 0.4536458333333333 0.6244140625000001 0.04895833333333333 0.075390625
1 0.503125 0.6228515625000001 0.04895833333333333 0.075390625
1 0.54921875 0.6193359375 0.044270833333333336 0.07382812500000001
0 0.3528645833333333 0.7210937500000001 0.028645833333333332 0.0765625
0 0.38385416666666666 0.7351562500000001 0.03229166666666666 0.0703125
0 0.41770833333333335 0.7568359375 0.03958333333333333 0.076171875
0 0.4614583333333333 0.763671875 0.04583333333333333 0.07187500000000001
0 0.5067708333333333 0.75703125 0.04375 0.06640625
0 0.55 0.74921875 0.04375 0.06640625
