0 0.6083333333333333 0.5015625 0.05 0.0859375
0 0.6614583333333334 0.50390625 0.05 0.0859375
0 0.715625 0.50234375 0.05 0.0859375
0 0.8333333333333334 0.503125 0.05416666666666667 0.08281250000000001
0 0.7708333333333334 0.49921875000000004 0.05 0.0859375
0 0.6026041666666666 0.65546875 0.04895833333333333 0.078125
0 0.6536458333333334 0.65625 0.04895833333333333 0.078125
0 0.7026041666666667 0.6578125 0.04895833333333333 0.078125
0 0.7546875 0.6570312500000001 0.04895833333333333 0.078125
0 0.8114583333333333 0.6570312500000001 0.05416666666666667 0.078125
1 0.5958333333333333 0.794921875 0.04583333333333333 0.07109375
1 0.6447916666666667 0.798046875 0.04583333333333333 0.07109375
1 0.6916666666666667 0.796484375 0.04583333333333333 0.07109375
1 0.7395833333333334 0.796484375 0.04583333333333333 0.07109375
1 0.7958333333333333 0.7933593750000001 0.04583333333333333 0.07109375
