3 0.2796875 0.564453125 0.042708333333333334 0.09296875
3 0.32005208333333335 0.5730468750000001 0.04114583333333333 0.096875
3 0.36640625 0.5822265625 0.05364583333333333 0.102734375
3 0.4166666666666667 0.5962890625 0.04479166666666667 0.10429687500000001
3 0.47213541666666664 0.6044921875 0.06822916666666666 0.101953125
2 0.28619791666666666 0.70625 0.03802083333333333 0.1046875
2 0.3229166666666667 0.716796875 0.03854166666666667 0.10234375000000001
2 0.3625 0.7287109375 0.03854166666666667 0.10429687500000001
2 0.4041666666666667 0.7425781250000001 0.04479166666666667 0.1078125
2 0.47031249999999997 0.7562500000000001 0.08854166666666667 0.11093750000000001
2 0.30416666666666664 0.833984375 0.034375 0.09296875
2 0.3385416666666667 0.8486328125 0.036458333333333336 0.086328125
2 0.3768229166666667 0.865234375 0.0390625 0.0859375
2 0.4184895833333333 0.8828125 0.043229166666666666 0.0859375
2 0.47682291666666665 0.8994140625 0.07135416666666666 0.086328125
3 0.2484375 0.388671875 0.04895833333333333 0.11171875
3 0.296875 0.392578125 0.04895833333333333 0.11171875
3 0.3455729166666667 0.3994140625 0.0515625 0.118359375
3 0.39921875 0.4078125 0.0546875 0.12265625000000001
3 0.47109375 0.41035156250000004 0.0859375 0.118359375
