0 0.41901041666666666 0.4021484375 0.06510416666666667 0.09726562500000001
0 0.48932291666666666 0.4013671875 0.06510416666666667 0.09726562500000001
0 0.5486979166666667 0.40058593750000004 0.06510416666666667 0.09726562500000001
0 0.6169270833333333 0.4029296875 0.06510416666666667 0.09726562500000001
0 0.6815104166666667 0.4013671875 0.06510416666666667 0.09726562500000001
1 0.4359375 0.569921875 0.05520833333333333 0.07968750000000001
1 0.49374999999999997 0.568359375 0.05520833333333333 0.07968750000000001
3 0.553125 0.56796875 0.057291666666666664 0.07734375
3 0.609375 0.56875 0.057291666666666664 0.07734375
3 0.66875 0.56953125 0.057291666666666664 0.07734375
3 0.44114583333333335 0.701171875 0.051041666666666666 0.07578125000000001
3 0.4953125 0.701171875 0.051041666666666666 0.07578125000000001
3 0.5505208333333333 0.701171875 0.051041666666666666 0.07578125000000001
3 0.6026041666666666 0.702734375 0.051041666666666666 0.07578125000000001
3 0.6546875 0.7035156250000001 0.051041666666666666 0.07578125000000001
2 0.44453125 0.8152343750000001 0.057812499999999996 0.07421875
2 0.4981770833333333 0.8171875000000001 0.0484375 0.0734375
2 0.5471354166666667 0.8140625 0.0484375 0.0734375
2 0.5950520833333334 0.8148437500000001 0.0484375 0.0734375
2 0.6440104166666667 0.8148437500000001 0.0484375 0.0734375
