0 0.38177083333333334 0.43085937500000004 0.06770833333333333 0.109375
0 0.4536458333333333 0.43125 0.06770833333333333 0.109375
0 0.5276041666666667 0.42890625000000004 0.06770833333333333 0.109375
1 0.5973958333333333 0.4294921875 0.06041666666666667 0.10898437500000001
1 0.66796875 0.42792968750000004 0.07447916666666667 0.10898437500000001
2 0.37395833333333334 0.6058593750000001 0.06458333333333333 0.11875000000000001
2 0.4505208333333333 0.6019531250000001 0.06458333333333333 0.11875000000000001
2 0.5166666666666666 0.6015625 0.06458333333333333 0.11875000000000001
2 0.5848958333333333 0.6058593750000001 0.06458333333333333 0.11875000000000001
2 0.6479166666666667 0.5925781250000001 0.06041666666666667 0.09062500000000001
2 0.3763020833333333 0.7650390625000001 0.0609375 0.094921875
2 0.43723958333333335 0.7611328125000001 0.0609375 0.094921875
2 0.50078125 0.7572265625000001 0.0609375 0.094921875
2 0.5627604166666667 0.7513671875000001 0.0609375 0.094921875
2 0.62421875 0.7490234375 0.0609375 0.094921875
2 0.3765625 0.89765625 0.053125 0.08359375000000001
2 0.42864583333333334 0.890625 0.053125 0.08359375000000001
2 0.48385416666666664 0.8871093750000001 0.053125 0.08359375000000001
2 0.5380208333333333 0.884375 0.053125 0.08359375000000001
2 0.596875 0.88203125 0.059375 0.08125
