0 0.4744791666666667 0.3953125 0.065625 0.11406250000000001
0 0.5359375 0.3921875 0.065625 0.11406250000000001
0 0.5973958333333333 0.39687500000000003 0.065625 0.11406250000000001
0 0.6651041666666666 0.39296875000000003 0.065625 0.11406250000000001
0 0.7338541666666667 0.39296875000000003 0.065625 0.11406250000000001
3 0.47604166666666664 0.5796875 0.0625 0.096875
3 0.5364583333333334 0.578125 0.0625 0.096875
3 0.6010416666666667 0.5796875 0.0625 0.096875
3 0.659375 0.57578125 0.0625 0.096875
3 0.725 0.5734375 0.0625 0.096875
3 0.48020833333333335 0.7347656250000001 0.052083333333333336 0.08671875000000001
3 0.5333333333333333 0.7347656250000001 0.052083333333333336 0.08671875000000001
3 0.590625 0.7386718750000001 0.052083333333333336 0.08671875000000001
3 0.6489583333333333 0.736328125 0.052083333333333336 0.08671875000000001
3 0.7083333333333334 0.7371093750000001 0.052083333333333336 0.08671875000000001
2 0.4817708333333333 0.8734375000000001 0.05520833333333333 0.0921875
2 0.5348958333333333 0.8734375000000001 0.05520833333333333 0.0921875
2 0.5880208333333333 0.8734375000000001 0.05520833333333333 0.0921875
2 0.6463541666666667 0.875 0.05520833333333333 0.0921875
2 0.7046875 0.8734375000000001 0.05520833333333333 0.0921875
