0 0.43645833333333334 0.43593750000000003 0.035416666666666666 0.08046875
0 0.4765625 0.4421875 0.04375 0.07968750000000001
0 0.5247395833333334 0.4462890625 0.050520833333333334 0.08085937500000001
0 0.57578125 0.4498046875 0.050520833333333334 0.08085937500000001
0 0.6208333333333333 0.44375000000000003 0.03958333333333333 0.08750000000000001
0 0.6518229166666667 0.4341796875 0.0265625 0.080078125
0 0.44114583333333335 0.5484375 0.03958333333333333 0.08046875
0 0.48515625 0.5554687500000001 0.044270833333333336 0.0765625
0 0.5317708333333333 0.5593750000000001 0.04791666666666666 0.07734375
0 0.5817708333333333 0.5632812500000001 0.04791666666666666 0.07734375
0 0.61875 0.5529296875 0.028125 0.083203125
0 0.6479166666666667 0.544140625 0.03125 0.07578125000000001
1 0.4505208333333333 0.65390625 0.046875 0.07500000000000001
1 0.49609375 0.66015625 0.0453125 0.08046875
1 0.5419270833333333 0.6648437500000001 0.0453125 0.08046875
1 0.5872395833333334 0.6644531250000001 0.0453125 0.08046875
1 0.62421875 0.6517578125000001 0.028645833333333332 0.083203125
1 0.65078125 0.6341796875000001 0.0265625 0.073046875
2 0.4515625 0.7787109375000001 0.041666666666666664 0.105859375
3 0.4942708333333333 0.7937500000000001 0.041666666666666664 0.078125
3 0.5364583333333334 0.7992187500000001 0.041666666666666664 0.078125
3 0.5786458333333333 0.7937500000000001 0.041666666666666664 0.078125
3 0.61484375 0.7783203125 0.0359375 0.07695312500000001
3 0.64453125 0.7615234375000001 0.030729166666666665 0.073046875
