0 0.16614583333333333 0.40625 0.065625 0.1046875
0 0.2265625 0.40625 0.06770833333333333 0.1046875
0 0.2942708333333333 0.408203125 0.06979166666666667 0.10390625
0 0.3598958333333333 0.405859375 0.06979166666666667 0.10390625
0 0.275 0.5476562500000001 0.06666666666666667 0.09531250000000001
0 0.3364583333333333 0.55 0.06666666666666667 0.09531250000000001
0 0.3875 0.538671875 0.05625 0.09453125000000001
1 0.24166666666666667 0.6722656250000001 0.0625 0.08203125
1 0.29791666666666666 0.6707031250000001 0.0625 0.08203125
1 0.359375 0.669140625 0.0625 0.08203125
1 0.4005208333333333 0.6550781250000001 0.051041666666666666 0.09140625000000001
2 0.23333333333333334 0.7839843750000001 0.04791666666666666 0.10234375000000001
2 0.2791666666666667 0.798046875 0.052083333333333336 0.10546875
2 0.3380208333333333 0.804296875 0.057291666666666664 0.11328125
2 0.38697916666666665 0.796484375 0.057291666666666664 0.11328125
