0 0.30052083333333335 0.26328125 0.084375 0.1484375
0 0.37916666666666665 0.26015625000000003 0.08541666666666667 0.1546875
0 0.4578125 0.2671875 0.07604166666666666 0.14375000000000002
0 0.528125 0.265625 0.07291666666666667 0.134375
0 0.5963541666666666 0.26406250000000003 0.071875 0.13125
1 0.31145833333333334 0.500390625 0.07291666666666667 0.11796875000000001
1 0.3921875 0.5007812500000001 0.084375 0.1203125
3 0.4588541666666667 0.49335937500000004 0.06145833333333333 0.12421875
3 0.5291666666666667 0.490234375 0.07916666666666666 0.12734375
3 0.6036458333333333 0.48945312500000004 0.078125 0.13203125000000002
2 0.3208333333333333 0.690625 0.075 0.1484375
2 0.3953125 0.6921875000000001 0.07395833333333333 0.15156250000000002
2 0.4661458333333333 0.6890625 0.059375 0.1484375
2 0.528125 0.690625 0.06875 0.1453125
2 0.590625 0.68359375 0.075 0.14375000000000002
2 0.3380208333333333 0.8914062500000001 0.078125 0.1296875
2 0.4140625 0.8914062500000001 0.057291666666666664 0.1328125
2 0.47291666666666665 0.8875000000000001 0.06875 0.1375
2 0.5359375 0.880078125 0.06145833333333333 0.13515625
2 0.6078125 0.876171875 0.07395833333333333 0.13984375000000002
