1 0.19306049822064056 0.3426666666666667 0.037366548042704624 0.06666666666666667
1 0.2286476868327402 0.33999999999999997 0.037366548042704624 0.06666666666666667
1 0.26601423487544484 0.3426666666666667 0.037366548042704624 0.06666666666666667
1 0.3042704626334519 0.3426666666666667 0.042704626334519574 0.06933333333333333
3 0.4973309608540925 0.3213333333333333 0.037366548042704624 0.08266666666666667
3 0.5364768683274022 0.3173333333333333 0.037366548042704624 0.08266666666666667
3 0.5756227758007118 0.31866666666666665 0.037366548042704624 0.08266666666666667
3 0.6165480427046263 0.31866666666666665 0.037366548042704624 0.08266666666666667
3 0.5 0.42933333333333334 0.03202846975088968 0.072
3 0.5382562277580071 0.42866666666666664 0.037366548042704624 0.06799999999999999
3 0.5791814946619217 0.42733333333333334 0.037366548042704624 0.06799999999999999
3 0.6165480427046263 0.42866666666666664 0.037366548042704624 0.06799999999999999
3 0.5044483985765125 0.534 0.037366548042704624 0.06
3 0.5400355871886121 0.5366666666666666 0.037366548042704624 0.06
3 0.5756227758007118 0.538 0.037366548042704624 0.06
3 0.6129893238434163 0.538 0.037366548042704624 0.06
3 0.06227758007117437 0.6026666666666667 0.042704626334519574 0.08266666666666667
3 0.10498220640569395 0.6013333333333333 0.042704626334519574 0.08266666666666667
3 0.14590747330960854 0.6053333333333333 0.042704626334519574 0.08266666666666667
3 0.1868327402135231 0.604 0.042704626334519574 0.08266666666666667
3 0.2295373665480427 0.6066666666666667 0.042704626334519574 0.08266666666666667
3 0.2686832740213523 0.6066666666666667 0.042704626334519574 0.08266666666666667
3 0.31494661921708184 0.6053333333333333 0.042704626334519574 0.08266666666666667
1 0.148576512455516 0.4666666666666667 0.030249110320284697 0.064
1 0.1797153024911032 0.47 0.03558718861209964 0.06266666666666666
1 0.21530249110320285 0.4713333333333333 0.03914590747330961 0.06799999999999999
1 0.25444839857651247 0.4686666666666667 0.03914590747330961 0.06799999999999999
1 0.29359430604982206 0.4713333333333333 0.03914590747330961 0.06799999999999999
1 0.3265124555160142 0.4646666666666667 0.03380782918149466 0.07066666666666667
0 0.36298932384341637 0.6173333333333333 0.042704626334519574 0.072
0 0.4074733096085409 0.6173333333333333 0.042704626334519574 0.072
0 0.4483985765124555 0.6193333333333333 0.03914590747330961 0.06799999999999999
0 0.4893238434163701 0.616 0.042704626334519574 0.07466666666666666
0 0.3576512455516014 0.6893333333333334 0.0498220640569395 0.06933333333333333
0 0.400355871886121 0.688 0.0498220640569395 0.06933333333333333
0 0.4403914590747331 0.6906666666666667 0.04092526690391459 0.072
0 0.48309608540925264 0.688 0.04092526690391459 0.072
1 0.5240213523131673 0.6893333333333334 0.04092526690391459 0.07733333333333334
1 0.5631672597864769 0.6906666666666667 0.04092526690391459 0.07733333333333334
1 0.6023131672597865 0.692 0.04092526690391459 0.07733333333333334
1 0.646797153024911 0.6906666666666667 0.04092526690391459 0.07733333333333334
3 0.26245551601423484 0.6853333333333333 0.037366548042704624 0.06933333333333333
3 0.3060498220640569 0.6853333333333333 0.046263345195729534 0.06666666666666667
