1 0.4412109375 0.4830729166666667 0.024609375000000003 0.06927083333333334
1 0.46816406250000003 0.48776041666666664 0.024609375000000003 0.06927083333333334
0 0.49433593750000004 0.48828125 0.024609375000000003 0.06927083333333334
0 0.5201171875 0.48984374999999997 0.024609375000000003 0.06927083333333334
0 0.5455078125 0.49244791666666665 0.024609375000000003 0.06927083333333334
0 0.5162109375 0.6252604166666667 0.024609375000000003 0.06927083333333334
0 0.5419921875 0.6278645833333333 0.024609375000000003 0.06927083333333334
3 0.4384765625 0.6221354166666666 0.023046875 0.0703125
3 0.46503906250000004 0.6231770833333333 0.023046875 0.0703125
3 0.4919921875 0.6231770833333333 0.023046875 0.0703125
3 0.4361328125 0.7484375 0.025390625 0.071875
3 0.4619140625 0.75 0.025390625 0.071875
3 0.4869140625 0.7494791666666667 0.025390625 0.071875
3 0.5111328125 0.7515625 0.025390625 0.071875
3 0.5357421875 0.7505208333333333 0.025390625 0.071875
2 0.43359375 0.8624999999999999 0.02421875 0.08125
2 0.45859375 0.8635416666666667 0.02421875 0.08125
2 0.48359375000000004 0.865625 0.02421875 0.08125
2 0.50703125 0.8661458333333333 0.02421875 0.08125
2 0.530859375 0.8682291666666666 0.02421875 0.08125
