3 0.13163972286374134 0.38881664499349805 0.050808314087759814 0.07022106631989597
3 0.1812933025404157 0.3868660598179454 0.04849884526558891 0.07152145643693109
3 0.23210161662817552 0.3855656697009103 0.04849884526558891 0.07152145643693109
3 0.28290993071593534 0.3855656697009103 0.04849884526558891 0.07152145643693109
3 0.15935334872979215 0.49544863459037713 0.050808314087759814 0.06762028608582575
3 0.20785219399538105 0.49544863459037713 0.050808314087759814 0.06762028608582575
3 0.25635103926096997 0.494148244473342 0.050808314087759814 0.06762028608582575
3 0.30484988452655887 0.4928478543563069 0.050808314087759814 0.06762028608582575
3 0.18475750577367206 0.5968790637191157 0.050808314087759814 0.06762028608582575
3 0.23556581986143188 0.5955786736020806 0.050808314087759814 0.06762028608582575
3 0.28290993071593534 0.5955786736020806 0.04849884526558891 0.06762028608582575
3 0.3348729792147806 0.5942782834850455 0.050808314087759814 0.06762028608582575
3 0.36374133949191684 0.6677503250975293 0.057736720554272515 0.08192457737321196
3 0.4214780600461894 0.6677503250975293 0.057736720554272515 0.08192457737321196
3 0.476905311778291 0.6690507152145644 0.053117782909930716 0.08192457737321196
3 0.5300230946882217 0.6664499349804942 0.053117782909930716 0.08192457737321196
3 0.5831408775981524 0.6638491547464239 0.04849884526558891 0.08452535760728219
3 0.6385681293302541 0.6657997399219766 0.053117782909930716 0.0858257477243173
3 0.6986143187066974 0.6644993498049415 0.053117782909930716 0.0858257477243173
3 0.754041570438799 0.6644993498049415 0.053117782909930716 0.0858257477243173
3 0.8163972286374134 0.6644993498049415 0.057736720554272515 0.0858257477243173
3 0.8810623556581986 0.6644993498049415 0.06235565819861432 0.0858257477243173
3 0.35912240184757505 0.7561768530559168 0.057736720554272515 0.08192457737321196
3 0.4168591224018476 0.7561768530559168 0.057736720554272515 0.08192457737321196
3 0.47459584295612006 0.7561768530559168 0.057736720554272515 0.08192457737321196
3 0.5346420323325635 0.7548764629388817 0.057736720554272515 0.08192457737321196
3 0.5946882217090069 0.7542262678803642 0.057736720554272515 0.0858257477243173
3 0.6524249422632794 0.7548764629388817 0.057736720554272515 0.08452535760728219
3 0.7113163972286374 0.7555266579973993 0.05542725173210161 0.0858257477243173
3 0.7736720554272517 0.7568270481144344 0.06004618937644342 0.08322496749024708
3 0.8348729792147805 0.7548764629388817 0.057736720554272515 0.08712613784135241
3 0.894919168591224 0.7561768530559168 0.057736720554272515 0.08712613784135241
3 0.5577367205542725 0.5227568270481144 0.03926096997690531 0.06241872561768531
3 0.5981524249422633 0.5273081924577373 0.04157043879907621 0.06371911573472042
3 0.6466512702078522 0.5299089726918076 0.050808314087759814 0.06631989596879063
3 0.7286374133949192 0.5227568270481144 0.053117782909930716 0.07282184655396619
3 0.7886836027713626 0.5188556566970091 0.053117782909930716 0.07282184655396619
3 0.8348729792147805 0.5110533159947984 0.04387990762124711 0.0754226267880364
1 0.5519630484988453 0.3972691807542263 0.03695150115473441 0.06371911573472042
1 0.5981524249422633 0.3972691807542263 0.050808314087759814 0.06892067620286085
1 0.648960739030023 0.3972691807542263 0.050808314087759814 0.06892067620286085
1 0.6986143187066974 0.39271781534460337 0.053117782909930716 0.06501950585175553
1 0.7471131639722863 0.3901170351105332 0.04849884526558891 0.06762028608582575
