0 0.673046875 0.3140625 0.029687500000000002 0.096875
0 0.7046875 0.32265625 0.03359375 0.09947916666666666
0 0.73984375 0.32734375 0.03359375 0.09947916666666666
0 0.775 0.3247395833333333 0.03359375 0.09947916666666666
0 0.8060546875000001 0.32421875 0.031640625 0.09947916666666666
0 0.6689453125 0.45598958333333334 0.031640625 0.09947916666666666
0 0.7005859375000001 0.46770833333333334 0.031640625 0.09895833333333333
0 0.73359375 0.4739583333333333 0.034375 0.1
0 0.7658203125 0.47161458333333334 0.029296875 0.09635416666666667
0 0.7962890625000001 0.4674479166666667 0.029296875 0.09635416666666667
1 0.64375 0.5786458333333333 0.02890625 0.09479166666666666
1 0.671875 0.5885416666666666 0.02890625 0.09479166666666666
1 0.702734375 0.6033854166666667 0.030468750000000003 0.0984375
1 0.7359375 0.6080729166666666 0.034375 0.0921875
1 0.7673828125000001 0.6002604166666666 0.030078125 0.0921875
1 0.7953125000000001 0.5940104166666667 0.026562500000000003 0.08802083333333333
2 0.6345703125000001 0.7333333333333333 0.033203125 0.12291666666666666
3 0.6619140625000001 0.759375 0.023046875 0.09791666666666667
3 0.6890625 0.7755208333333333 0.029687500000000002 0.09583333333333333
3 0.7201171875000001 0.7802083333333333 0.030859375 0.096875
3 0.7505859375 0.775 0.030859375 0.096875
3 0.7810546875000001 0.7692708333333333 0.030859375 0.096875
0 0.835546875 0.31927083333333334 0.02421875 0.1
