0 0.578125 0.23828125 0.07708333333333334 0.13593750000000002
0 0.496875 0.2328125 0.07708333333333334 0.13593750000000002
0 0.41562499999999997 0.236328125 0.07708333333333334 0.12734375
0 0.3375 0.234765625 0.07708333333333334 0.12734375
0 0.259375 0.236328125 0.07916666666666666 0.13515625
0 0.26666666666666666 0.48203125 0.07916666666666666 0.1203125
0 0.34322916666666664 0.48281250000000003 0.078125 0.1234375
0 0.4171875 0.48515625 0.078125 0.1234375
0 0.4890625 0.48359375000000004 0.078125 0.1234375
0 0.5682291666666667 0.48203125 0.078125 0.1234375
1 0.2682291666666667 0.714453125 0.08020833333333333 0.11640625
1 0.34322916666666664 0.712109375 0.08020833333333333 0.11640625
1 0.41822916666666665 0.7125 0.071875 0.1203125
1 0.4869791666666667 0.7078125000000001 0.071875 0.1203125
1 0.5651041666666666 0.7000000000000001 0.071875 0.1203125
2 0.271875 0.9078125 0.07916666666666666 0.1484375
2 0.346875 0.9078125 0.07083333333333333 0.1484375
2 0.421875 0.9050781250000001 0.07291666666666667 0.15078125
2 0.49583333333333335 0.9050781250000001 0.07291666666666667 0.15078125
2 0.5645833333333333 0.903515625 0.07291666666666667 0.15078125
