3 0.49765625 0.45468749999999997 0.01015625 0.03854166666666667
3 0.509765625 0.45546875 0.01171875 0.0390625
3 0.5222656250000001 0.45546875 0.01171875 0.0390625
3 0.53515625 0.45598958333333334 0.01171875 0.0390625
3 0.547265625 0.45807291666666666 0.01171875 0.0390625
3 0.559765625 0.4575520833333333 0.01171875 0.0390625
3 0.496875 0.5205729166666666 0.01171875 0.0390625
3 0.509375 0.5221354166666666 0.01171875 0.0390625
3 0.5222656250000001 0.521875 0.013281250000000001 0.03958333333333333
3 0.5341796875 0.5236979166666667 0.011328125000000001 0.03802083333333333
0 0.5457031250000001 0.5247395833333334 0.01015625 0.033854166666666664
0 0.5564453125000001 0.5260416666666666 0.012890625000000001 0.034375
1 0.4947265625 0.5875 0.009765625 0.034375
1 0.5066406250000001 0.5880208333333333 0.01171875 0.034375
1 0.51953125 0.5895833333333333 0.01171875 0.034375
1 0.53125 0.5901041666666667 0.01171875 0.034375
1 0.5437500000000001 0.590625 0.01171875 0.034375
1 0.555859375 0.5911458333333334 0.01171875 0.034375
2 0.494921875 0.6453125 0.010937500000000001 0.046875
2 0.50625 0.6463541666666667 0.010937500000000001 0.046875
2 0.5171875 0.6473958333333333 0.010937500000000001 0.046875
2 0.528515625 0.6489583333333333 0.010937500000000001 0.046875
2 0.540234375 0.6494791666666666 0.010937500000000001 0.046875
2 0.552734375 0.6505208333333333 0.010937500000000001 0.046875
