3 0.5802083333333333 0.3875 0.057291666666666664 0.1015625
3 0.646875 0.38828125 0.057291666666666664 0.1015625
3 0.6458333333333334 0.3875 0.057291666666666664 0.1015625
3 0.7057291666666666 0.390625 0.057291666666666664 0.1015625
3 0.7611979166666667 0.3884765625 0.050520833333333334 0.10507812500000001
1 0.8205729166666667 0.394140625 0.0609375 0.09375
3 0.5627604166666667 0.556640625 0.05572916666666666 0.078125
3 0.6200520833333333 0.55625 0.05572916666666666 0.078125
1 0.6729166666666666 0.555859375 0.051041666666666666 0.078125
1 0.7265625 0.5535156250000001 0.051041666666666666 0.078125
1 0.7786458333333334 0.553125 0.051041666666666666 0.078125
0 0.55390625 0.692578125 0.0453125 0.0671875
0 0.6020833333333333 0.6912109375000001 0.04583333333333333 0.066796875
0 0.653125 0.6884765625 0.04583333333333333 0.066796875
0 0.7005208333333334 0.6876953125 0.04583333333333333 0.066796875
0 0.7494791666666667 0.6865234375 0.04583333333333333 0.066796875
2 0.5390625 0.801953125 0.04583333333333333 0.0734375
2 0.5859375 0.800390625 0.04583333333333333 0.0734375
2 0.6333333333333333 0.798828125 0.04583333333333333 0.0734375
2 0.6802083333333333 0.7976562500000001 0.04583333333333333 0.0734375
2 0.7270833333333333 0.796484375 0.04583333333333333 0.0734375
