3 0.081 0.2734806629834254 0.054 0.09668508287292818
3 0.137 0.2803867403314917 0.054 0.09668508287292818
3 0.199 0.2762430939226519 0.054 0.09668508287292818
3 0.257 0.2734806629834254 0.054 0.09668508287292818
3 0.10300000000000001 0.4157458563535911 0.054 0.09668508287292818
3 0.153 0.4198895027624309 0.054 0.09668508287292818
3 0.20700000000000002 0.4212707182320442 0.054 0.09668508287292818
3 0.263 0.41850828729281764 0.054 0.09668508287292818
3 0.124 0.5331491712707183 0.052000000000000005 0.06353591160220995
3 0.18 0.5359116022099447 0.052000000000000005 0.06353591160220995
3 0.232 0.5331491712707183 0.052000000000000005 0.06353591160220995
3 0.28400000000000003 0.5331491712707183 0.052000000000000005 0.06353591160220995
3 0.07200000000000001 0.6595303867403315 0.06 0.10359116022099447
3 0.134 0.6595303867403315 0.06 0.10359116022099447
3 0.194 0.6581491712707183 0.06 0.10359116022099447
3 0.26 0.6581491712707183 0.06 0.10359116022099447
3 0.32 0.6622928176795579 0.06 0.10359116022099447
3 0.378 0.6581491712707183 0.06 0.10359116022099447
3 0.442 0.6581491712707183 0.06 0.10359116022099447
3 0.371 0.7548342541436464 0.058 0.08425414364640883
1 0.497 0.31008287292817677 0.042 0.08977900552486187
1 0.544 0.31422651933701656 0.052000000000000005 0.0925414364640884
1 0.596 0.3128453038674033 0.052000000000000005 0.0925414364640884
1 0.646 0.31422651933701656 0.052000000000000005 0.0925414364640884
1 0.6960000000000001 0.31146408839779005 0.052000000000000005 0.0925414364640884
1 0.511 0.46685082872928174 0.038 0.08287292817679558
1 0.553 0.47306629834254144 0.042 0.08425414364640883
1 0.598 0.47790055248618785 0.052000000000000005 0.08287292817679558
1 0.648 0.4792817679558011 0.052000000000000005 0.08287292817679558
1 0.6980000000000001 0.47790055248618785 0.052000000000000005 0.08287292817679558
1 0.746 0.4703038674033149 0.044 0.08149171270718232
1 0.672 0.7493093922651933 0.052000000000000005 0.08977900552486187
1 0.727 0.75 0.058 0.09116022099447513
0 0.441 0.755524861878453 0.058 0.08287292817679558
0 0.501 0.7527624309392265 0.058 0.08287292817679558
0 0.558 0.7534530386740331 0.056 0.08977900552486187
0 0.614 0.7520718232044199 0.056 0.08977900552486187
0 0.794 0.7527624309392265 0.064 0.09116022099447513
0 0.858 0.755524861878453 0.064 0.09116022099447513
