0 0.5973958333333333 0.325 0.09479166666666666 0.15156250000000002
0 0.5161458333333333 0.31953125000000004 0.09479166666666666 0.15156250000000002
0 0.4375 0.310546875 0.07916666666666666 0.14609375
0 0.375 0.308203125 0.07708333333333334 0.14453125
0 0.31145833333333334 0.30117187500000003 0.07083333333333333 0.13515625
0 0.25 0.295703125 0.07083333333333333 0.13515625
0 0.2583333333333333 0.5109375 0.06666666666666667 0.1046875
0 0.315625 0.521875 0.07708333333333334 0.10625000000000001
1 0.43697916666666664 0.5515625000000001 0.06979166666666667 0.12187500000000001
1 0.5020833333333333 0.562109375 0.07291666666666667 0.11640625
1 0.5739583333333333 0.5789062500000001 0.07916666666666666 0.12187500000000001
