1 0.325 0.355078125 0.07291666666666667 0.12578125
1 0.39791666666666664 0.355078125 0.07083333333333333 0.12890625
0 0.48125 0.35625 0.07291666666666667 0.1265625
0 0.559375 0.35703125 0.07291666666666667 0.1265625
0 0.640625 0.35703125 0.07291666666666667 0.1265625
0 0.3333333333333333 0.577734375 0.06875 0.10703125000000001
0 0.40208333333333335 0.576171875 0.06875 0.10703125000000001
0 0.4770833333333333 0.5730468750000001 0.06875 0.10703125000000001
0 0.5416666666666666 0.572265625 0.06875 0.10703125000000001
0 0.6135416666666667 0.5691406250000001 0.06875 0.10703125000000001
3 0.403125 0.753125 0.058333333333333334 0.09062500000000001
3 0.46770833333333334 0.74921875 0.058333333333333334 0.09062500000000001
3 0.53125 0.74375 0.058333333333333334 0.09062500000000001
3 0.5989583333333334 0.7421875 0.058333333333333334 0.09062500000000001
2 0.33489583333333334 0.8933593750000001 0.065625 0.08984375
2 0.39479166666666665 0.894140625 0.06041666666666667 0.09296875
2 0.4583333333333333 0.890234375 0.06041666666666667 0.09296875
2 0.5177083333333333 0.884765625 0.06041666666666667 0.09296875
2 0.58125 0.882421875 0.06041666666666667 0.09296875
