3 0.0484375 0.34882812500000004 0.040625 0.057031250000000006
3 0.0875 0.34882812500000004 0.035416666666666666 0.055468750000000004
3 0.11927083333333333 0.34804687500000003 0.030208333333333334 0.055468750000000004
3 0.2911458333333333 0.32539062500000004 0.030208333333333334 0.055468750000000004
3 0.3177083333333333 0.32578125 0.020833333333333332 0.0546875
3 0.3385416666666667 0.32421875 0.020833333333333332 0.0546875
3 0.3614583333333333 0.32421875 0.020833333333333332 0.0546875
3 0.17552083333333332 0.359375 0.02395833333333333 0.0578125
3 0.20208333333333334 0.36015625 0.029166666666666667 0.05625
3 0.22864583333333333 0.35859375000000004 0.02395833333333333 0.0546875
3 0.2984375 0.409765625 0.030208333333333334 0.05390625
3 0.25104166666666666 0.35625 0.025 0.059375000000000004
3 0.3234375 0.40742187500000004 0.026041666666666668 0.05390625
3 0.346875 0.40546875000000004 0.022916666666666665 0.053125000000000006
3 0.3697916666666667 0.40468750000000003 0.022916666666666665 0.053125000000000006
3 0.20677083333333332 0.41914062500000004 0.034375 0.06015625
3 0.25885416666666666 0.416015625 0.028125 0.05859375
3 0.018229166666666668 0.47500000000000003 0.036458333333333336 0.065625
3 0.05625 0.47421875 0.0375 0.065625
3 0.09270833333333334 0.4734375 0.0375 0.065625
3 0.1265625 0.46523437500000003 0.034375 0.06015625
3 0.21562499999999998 0.478125 0.03125 0.0546875
3 0.24375 0.47500000000000003 0.022916666666666665 0.05
3 0.2671875 0.47265625 0.026041666666666668 0.05
3 0.3098958333333333 0.48984375 0.026041666666666668 0.05
3 0.33489583333333334 0.48867187500000003 0.021875 0.05078125
3 0.3567708333333333 0.483203125 0.021875 0.05078125
3 0.3776041666666667 0.48085937500000003 0.021875 0.05078125
3 0.0765625 0.59609375 0.040625 0.0671875
3 0.11302083333333333 0.587109375 0.034375 0.07265625
3 0.1421875 0.578515625 0.030208333333333334 0.06328125
3 0.17083333333333334 0.553125 0.029166666666666667 0.05625
3 0.19895833333333332 0.546875 0.029166666666666667 0.05625
3 0.25625 0.542578125 0.03125 0.05078125
3 0.2838541666666667 0.53671875 0.026041666666666668 0.051562500000000004
3 0.3078125 0.534375 0.02395833333333333 0.046875
3 0.08489583333333334 0.665625 0.042708333333333334 0.06875
3 0.1265625 0.6625000000000001 0.034375 0.0734375
3 0.2921875 0.61484375 0.034375 0.06406250000000001
3 0.3182291666666667 0.60859375 0.019791666666666666 0.06406250000000001
3 0.3442708333333333 0.599609375 0.028125 0.06015625
3 0.37135416666666665 0.5964843750000001 0.021875 0.057031250000000006
3 0.4140625 0.58125 0.028125 0.0546875
3 0.4614583333333333 0.56796875 0.027083333333333334 0.051562500000000004
