3 0.2959905660377358 0.25232403718459495 0.04481132075471698 0.055776892430278883
3 0.33962264150943394 0.250996015936255 0.04245283018867924 0.05843293492695883
3 0.37971698113207547 0.24966799468791498 0.04245283018867924 0.05843293492695883
1 0.4811320754716981 0.28087649402390436 0.04245283018867924 0.062416998671978745
1 0.5259433962264151 0.28087649402390436 0.04716981132075471 0.06772908366533864
1 0.5731132075471698 0.28087649402390436 0.04716981132075471 0.06772908366533864
1 0.6226415094339622 0.2795484727755644 0.04716981132075471 0.06772908366533864
1 0.6650943396226415 0.2788844621513944 0.03773584905660377 0.07171314741035856
0 0.30778301886792453 0.3439575033200531 0.04009433962264151 0.05046480743691899
0 0.34316037735849053 0.34196547144754313 0.03537735849056604 0.049136786188579015
0 0.38089622641509435 0.3399734395750332 0.04009433962264151 0.05046480743691899
0 0.3148584905660377 0.4289508632138114 0.04009433962264151 0.05046480743691899
0 0.3525943396226415 0.42496679946879146 0.04009433962264151 0.05046480743691899
0 0.3915094339622641 0.4176626826029216 0.0330188679245283 0.049136786188579015
3 0.4658018867924528 0.40172642762284194 0.04009433962264151 0.0650730411686587
3 0.5448113207547169 0.40637450199203184 0.04716981132075471 0.06640106241699867
3 0.6509433962264151 0.4037184594953519 0.04716981132075471 0.06640106241699867
3 0.7193396226415094 0.3944223107569721 0.04716981132075471 0.06640106241699867
3 0.35141509433962265 0.595617529880478 0.03773584905660377 0.07038512616201859
3 0.3938679245283019 0.6029216467463479 0.04716981132075471 0.06905710491367861
3 0.5990566037735848 0.5677290836653386 0.0330188679245283 0.062416998671978745
3 0.633254716981132 0.5610889774236387 0.03537735849056604 0.0650730411686587
3 0.6662735849056604 0.5544488711819389 0.03537735849056604 0.0650730411686587
3 0.7016509433962264 0.549136786188579 0.03537735849056604 0.0650730411686587
3 0.7346698113207547 0.5451527224435591 0.03537735849056604 0.0650730411686587
3 0.7653301886792453 0.5378486055776892 0.030660377358490566 0.06374501992031872
3 0.7948113207547169 0.5318725099601593 0.02830188679245283 0.062416998671978745
3 0.820754716981132 0.5265604249667994 0.02830188679245283 0.062416998671978745
3 0.8490566037735848 0.5225763612217795 0.02830188679245283 0.062416998671978745
3 0.8797169811320754 0.5185922974767596 0.02830188679245283 0.062416998671978745
