0 0.3130208333333333 0.37617187500000004 0.06354166666666666 0.09921875000000001
0 0.37135416666666665 0.377734375 0.06354166666666666 0.09921875000000001
0 0.3052083333333333 0.51328125 0.04375 0.09531250000000001
0 0.34479166666666666 0.5164062500000001 0.05416666666666667 0.096875
0 0.39739583333333334 0.523828125 0.06145833333333333 0.09453125000000001
0 0.45677083333333335 0.5300781250000001 0.06145833333333333 0.09453125000000001
0 0.5057291666666667 0.516796875 0.046875 0.09296875
0 0.5447916666666667 0.513671875 0.05 0.08359375000000001
1 0.31614583333333335 0.6273437500000001 0.042708333333333334 0.0859375
1 0.35833333333333334 0.63984375 0.052083333333333336 0.08750000000000001
1 0.41041666666666665 0.649609375 0.05625 0.09296875
1 0.4666666666666667 0.648046875 0.05625 0.09296875
2 0.39739583333333334 0.7835937500000001 0.05520833333333333 0.1125
2 0.4505208333333333 0.7914062500000001 0.05520833333333333 0.1125
2 0.3453125 0.76953125 0.05520833333333333 0.1125
2 0.4984375 0.7765625 0.04895833333333333 0.1078125
3 0.4328125 0.37617187500000004 0.06145833333333333 0.11484375000000001
3 0.4921875 0.37539062500000003 0.06145833333333333 0.11484375000000001
3 0.5375 0.36796875 0.05 0.1078125
1 0.5151041666666667 0.636328125 0.03854166666666667 0.08515625
