0 0.34791666666666665 0.43964843750000004 0.08333333333333333 0.131640625
0 0.44375 0.4412109375 0.08333333333333333 0.131640625
0 0.5361979166666666 0.44296875 0.09010416666666667 0.13125
0 0.63046875 0.446875 0.09010416666666667 0.13125
0 0.7231770833333333 0.447265625 0.09010416666666667 0.13125
0 0.6640625 0.6615234375000001 0.07604166666666666 0.098046875
1 0.5885416666666666 0.659765625 0.07083333333333333 0.09765625
1 0.5161458333333333 0.6605468750000001 0.07083333333333333 0.09765625
1 0.43385416666666665 0.659375 0.07083333333333333 0.09765625
1 0.3536458333333333 0.659375 0.07083333333333333 0.09765625
3 0.3611979166666667 0.8150390625 0.05572916666666666 0.079296875
3 0.43307291666666664 0.8130859375 0.05572916666666666 0.079296875
3 0.49973958333333335 0.8080078125000001 0.05572916666666666 0.079296875
3 0.5575520833333333 0.8083984375000001 0.05572916666666666 0.079296875
3 0.6263020833333334 0.80859375 0.06510416666666667 0.07890625000000001
