0 0.35703125 0.40175781250000003 0.030729166666666665 0.070703125
0 0.39088541666666665 0.4052734375 0.0359375 0.072265625
0 0.42916666666666664 0.4080078125 0.03958333333333333 0.070703125
0 0.46822916666666664 0.4068359375 0.0375 0.06992187500000001
0 0.5013020833333334 0.40449218750000004 0.03177083333333333 0.068359375
0 0.5286458333333334 0.3994140625 0.025 0.063671875
0 0.3111979166666667 0.5322265625 0.030729166666666665 0.06992187500000001
0 0.3453125 0.5373046875 0.035416666666666666 0.068359375
0 0.3796875 0.5408203125000001 0.035416666666666666 0.068359375
0 0.43333333333333335 0.5427734375000001 0.035416666666666666 0.068359375
0 0.4708333333333333 0.5392578125 0.035416666666666666 0.068359375
0 0.5028645833333333 0.529296875 0.0296875 0.06171875
0 0.5268229166666667 0.5154296875000001 0.028645833333333332 0.059765625
3 0.6690104166666666 0.3642578125 0.024479166666666666 0.071484375
3 0.7010416666666667 0.371875 0.03958333333333333 0.0703125
3 0.65625 0.46308593750000004 0.025 0.06992187500000001
3 0.68671875 0.4705078125 0.034895833333333334 0.06601562500000001
3 0.7966145833333333 0.6341796875000001 0.034895833333333334 0.06601562500000001
3 0.83046875 0.6279296875 0.034895833333333334 0.06601562500000001
3 0.8627604166666667 0.6236328125 0.034895833333333334 0.06601562500000001
3 0.8666666666666667 0.6833984375000001 0.028125 0.049609375000000004
3 0.8401041666666667 0.6888671875000001 0.028125 0.049609375000000004
3 0.8114583333333333 0.6931640625000001 0.028125 0.049609375000000004
3 0.7807291666666667 0.7013671875 0.028125 0.049609375000000004
3 0.7520833333333333 0.7064453125000001 0.028125 0.049609375000000004
3 0.7213541666666666 0.7142578125000001 0.028125 0.049609375000000004
3 0.6854166666666667 0.72265625 0.034375 0.05
3 0.6440104166666667 0.731640625 0.03697916666666667 0.051562500000000004
3 0.6091145833333333 0.7351562500000001 0.03697916666666667 0.051562500000000004
1 0.3833333333333333 0.78671875 0.046875 0.07109375
