3 0.37447916666666664 0.19375 0.071875 0.15000000000000002
3 0.4505208333333333 0.19296875000000002 0.071875 0.15000000000000002
3 0.5265625 0.19609375 0.071875 0.15000000000000002
3 0.6145833333333334 0.19687500000000002 0.08333333333333333 0.15156250000000002
3 0.3880208333333333 0.378515625 0.065625 0.11796875000000001
3 0.4536458333333333 0.37929687500000003 0.065625 0.11796875000000001
3 0.5203125 0.37929687500000003 0.065625 0.11796875000000001
3 0.5859375 0.38007812500000004 0.065625 0.11796875000000001
0 0.05677083333333333 0.244921875 0.06770833333333333 0.11796875000000001
0 0.12604166666666666 0.22890625 0.07708333333333334 0.12187500000000001
3 0.09010416666666667 0.653515625 0.09270833333333334 0.13359375
3 0.18177083333333333 0.6527343750000001 0.09270833333333334 0.13359375
3 0.2755208333333333 0.6527343750000001 0.09270833333333334 0.13359375
0 0.3677083333333333 0.6566406250000001 0.08125 0.14296875
0 0.44895833333333335 0.665234375 0.08125 0.14296875
0 0.5317708333333333 0.6765625000000001 0.08229166666666667 0.1234375
0 0.6171875 0.6765625000000001 0.08229166666666667 0.1234375
0 0.7005208333333334 0.67578125 0.08229166666666667 0.1234375
0 0.7921875 0.6804687500000001 0.08854166666666667 0.11406250000000001
1 0.8776041666666666 0.67578125 0.071875 0.11406250000000001
1 0.9583333333333334 0.68125 0.08125 0.11406250000000001
1 0.8947916666666667 0.8773437500000001 0.1125 0.1078125
0 0.7942708333333334 0.86328125 0.08854166666666667 0.11406250000000001
0 0.7119791666666666 0.86640625 0.078125 0.115625
0 0.6307291666666667 0.8515625 0.06979166666666667 0.11093750000000001
0 0.55625 0.85078125 0.07708333333333334 0.1078125
0 0.47291666666666665 0.85546875 0.07708333333333334 0.1078125
0 0.39375 0.8562500000000001 0.07708333333333334 0.1078125
3 0.29635416666666664 0.8562500000000001 0.08854166666666667 0.11093750000000001
3 0.20729166666666665 0.853515625 0.08333333333333333 0.11640625
3 0.128125 0.837109375 0.07708333333333334 0.11953125
3 0.04479166666666667 0.835546875 0.08541666666666667 0.12734375
