1 0.3411458333333333 0.47109375000000003 0.08645833333333333 0.1390625
1 0.4276041666666667 0.47421875 0.08645833333333333 0.1390625
3 0.509375 0.46992187500000004 0.08125 0.14140625
3 0.5880208333333333 0.46132812500000003 0.08229166666666667 0.15078125
3 0.6723958333333333 0.45820312500000004 0.08229166666666667 0.15078125
3 0.6645833333333333 0.7097656250000001 0.07708333333333334 0.14140625
3 0.5916666666666667 0.712109375 0.07708333333333334 0.14140625
3 0.5135416666666667 0.710546875 0.07708333333333334 0.14140625
3 0.42343749999999997 0.716796875 0.08020833333333333 0.14921875
3 0.33697916666666666 0.726171875 0.08020833333333333 0.14921875
2 0.503125 0.931640625 0.08541666666666667 0.13515625
2 0.42604166666666665 0.931640625 0.08541666666666667 0.13515625
2 0.5864583333333333 0.926953125 0.08541666666666667 0.13515625
2 0.34739583333333335 0.9339843750000001 0.084375 0.13046875
