2 0.33984375 0.32636718750000004 0.07135416666666666 0.17148437500000002
2 0.41015625 0.3279296875 0.07135416666666666 0.17148437500000002
2 0.48151041666666666 0.3287109375 0.07135416666666666 0.17148437500000002
2 0.5559895833333334 0.3318359375 0.07135416666666666 0.17148437500000002
2 0.6307291666666667 0.3359375 0.07395833333333333 0.16796875
2 0.70546875 0.33925781250000003 0.07760416666666667 0.166796875
2 0.35130208333333335 0.5310546875000001 0.0640625 0.138671875
2 0.41640625 0.5349609375000001 0.0640625 0.138671875
2 0.4809895833333333 0.5341796875 0.0640625 0.138671875
2 0.54296875 0.5369140625000001 0.0640625 0.138671875
2 0.6122395833333333 0.5392578125 0.0640625 0.138671875
2 0.6768229166666666 0.5431640625 0.0640625 0.138671875
2 0.3541666666666667 0.6996093750000001 0.057291666666666664 0.11093750000000001
2 0.41354166666666664 0.701171875 0.057291666666666664 0.11093750000000001
2 0.47239583333333335 0.7019531250000001 0.057291666666666664 0.11093750000000001
2 0.5322916666666666 0.702734375 0.057291666666666664 0.11093750000000001
2 0.5979166666666667 0.7054687500000001 0.06041666666666667 0.11015625000000001
2 0.6604166666666667 0.70703125 0.06041666666666667 0.11015625000000001
2 0.359375 0.844921875 0.059375 0.08750000000000001
2 0.4158854166666667 0.8451171875000001 0.0546875 0.087890625
2 0.4731770833333333 0.8451171875000001 0.0546875 0.087890625
2 0.5315104166666667 0.8451171875000001 0.0546875 0.087890625
2 0.5856770833333333 0.8486328125 0.0546875 0.087890625
2 0.6447916666666667 0.8515625 0.058333333333333334 0.08828125
