1 0.15364583333333334 0.3875 0.06979166666666667 0.10625000000000001
1 0.22135416666666666 0.38984375000000004 0.06979166666666667 0.10625000000000001
1 0.2953125 0.39140625 0.06979166666666667 0.10625000000000001
1 0.3625 0.394140625 0.0625 0.10546875
1 0.425 0.397265625 0.0625 0.10546875
0 0.16145833333333334 0.585546875 0.06666666666666667 0.09296875
0 0.23541666666666666 0.585546875 0.06666666666666667 0.09296875
0 0.3 0.584375 0.058333333333333334 0.09375
0 0.36041666666666666 0.58359375 0.058333333333333334 0.09375
0 0.42291666666666666 0.584375 0.058333333333333334 0.09375
0 0.1765625 0.755859375 0.057291666666666664 0.08359375000000001
0 0.23697916666666666 0.7542968750000001 0.057291666666666664 0.08359375000000001
0 0.2921875 0.753515625 0.057291666666666664 0.08359375000000001
0 0.35260416666666666 0.7527343750000001 0.057291666666666664 0.08359375000000001
0 0.4161458333333333 0.749609375 0.057291666666666664 0.08359375000000001
2 0.18385416666666665 0.8910156250000001 0.05520833333333333 0.09296875
2 0.23697916666666666 0.88828125 0.051041666666666666 0.0921875
2 0.2911458333333333 0.88671875 0.051041666666666666 0.0921875
2 0.34739583333333335 0.8859375 0.051041666666666666 0.0921875
2 0.40260416666666665 0.8851562500000001 0.051041666666666666 0.0921875
