3 0.22592592592592595 0.3796875 0.10370370370370371 0.13020833333333334
3 0.32685185185185184 0.3809895833333333 0.0962962962962963 0.13072916666666667
3 0.4240740740740741 0.3815104166666667 0.0962962962962963 0.13072916666666667
3 0.5333333333333333 0.38307291666666665 0.0962962962962963 0.13072916666666667
3 0.6296296296296297 0.3841145833333333 0.0962962962962963 0.13072916666666667
3 0.7342592592592593 0.38515625 0.0962962962962963 0.13072916666666667
3 0.24722222222222223 0.5723958333333333 0.09074074074074075 0.09895833333333333
3 0.33981481481481485 0.5734375 0.09074074074074075 0.09895833333333333
3 0.4342592592592593 0.5723958333333333 0.09074074074074075 0.09895833333333333
3 0.5185185185185185 0.5747395833333333 0.08333333333333334 0.0984375
3 0.600925925925926 0.5747395833333333 0.08333333333333334 0.0984375
3 0.6907407407407408 0.5794270833333334 0.08333333333333334 0.0984375
3 0.27037037037037037 0.72421875 0.07592592592592592 0.08385416666666666
3 0.3509259259259259 0.7252604166666666 0.07592592592592592 0.08385416666666666
1 0.4287037037037037 0.7296875 0.07037037037037037 0.075
1 0.5092592592592593 0.7307291666666667 0.07037037037037037 0.075
0 0.5893518518518519 0.7317708333333334 0.0712962962962963 0.07708333333333334
0 0.6615740740740741 0.7328125 0.0712962962962963 0.07708333333333334
2 0.2833333333333333 0.8419270833333333 0.07962962962962963 0.07760416666666667
2 0.36203703703703705 0.8432291666666667 0.07592592592592592 0.07708333333333334
2 0.43472222222222223 0.8434895833333333 0.06944444444444445 0.07552083333333333
2 0.5050925925925926 0.84140625 0.06944444444444445 0.07552083333333333
2 0.576388888888889 0.8429687499999999 0.06944444444444445 0.07552083333333333
2 0.6476851851851853 0.8434895833333333 0.06944444444444445 0.07552083333333333
