0 0.14192708333333334 0.4333984375 0.058854166666666666 0.078515625
0 0.19583333333333333 0.4341796875 0.051041666666666666 0.076171875
1 0.24739583333333334 0.4345703125 0.051041666666666666 0.076171875
1 0.29713541666666665 0.43593750000000003 0.04739583333333333 0.07734375
1 0.34739583333333335 0.43593750000000003 0.052083333333333336 0.0765625
2 0.15807291666666667 0.5580078125 0.050520833333333334 0.090234375
2 0.20572916666666666 0.5568359375 0.041666666666666664 0.091015625
2 0.2513020833333333 0.555859375 0.04635416666666667 0.08984375
2 0.30026041666666664 0.55703125 0.04739583333333333 0.0890625
2 0.35104166666666664 0.5546875 0.053125 0.096875
2 0.18072916666666666 0.6818359375 0.04375 0.080078125
2 0.22447916666666667 0.6806640625 0.04375 0.080078125
2 0.27447916666666666 0.6791015625000001 0.04375 0.080078125
2 0.31875 0.6787109375 0.04375 0.080078125
2 0.36302083333333335 0.6810546875000001 0.04375 0.080078125
2 0.19739583333333333 0.78828125 0.041666666666666664 0.07187500000000001
2 0.23906249999999998 0.78828125 0.041666666666666664 0.07187500000000001
2 0.28020833333333334 0.788671875 0.041666666666666664 0.07187500000000001
2 0.3223958333333333 0.788671875 0.041666666666666664 0.07187500000000001
2 0.36614583333333334 0.788671875 0.041666666666666664 0.07187500000000001
