0 0.21822916666666667 0.246875 0.084375 0.1390625
0 0.30052083333333335 0.246875 0.084375 0.1390625
0 0.3880208333333333 0.25 0.084375 0.1390625
0 0.47239583333333335 0.25234375000000003 0.084375 0.1390625
0 0.5515625 0.256640625 0.08229166666666667 0.14453125
0 0.6380208333333334 0.25820312500000003 0.08229166666666667 0.14453125
3 0.24635416666666665 0.48476562500000003 0.07395833333333333 0.13359375
3 0.3182291666666667 0.486328125 0.07395833333333333 0.13359375
3 0.3921875 0.49257812500000003 0.07395833333333333 0.13359375
3 0.4671875 0.494921875 0.07395833333333333 0.13359375
3 0.5411458333333333 0.500390625 0.07395833333333333 0.13359375
3 0.6255208333333333 0.504296875 0.07395833333333333 0.13359375
3 0.24375 0.69296875 0.06458333333333333 0.1125
3 0.3125 0.6976562500000001 0.06458333333333333 0.1125
3 0.3833333333333333 0.7046875 0.06458333333333333 0.1125
3 0.45677083333333335 0.71015625 0.06770833333333333 0.11875000000000001
3 0.5307291666666667 0.71484375 0.06770833333333333 0.11875000000000001
3 0.6083333333333333 0.719921875 0.07291666666666667 0.11953125
2 0.2484375 0.8675781250000001 0.07395833333333333 0.11328125
2 0.31666666666666665 0.8714843750000001 0.06041666666666667 0.11328125
2 0.3802083333333333 0.8753906250000001 0.06041666666666667 0.11328125
2 0.44479166666666664 0.884765625 0.06666666666666667 0.12109375
2 0.5135416666666667 0.8894531250000001 0.06666666666666667 0.12109375
2 0.5833333333333334 0.898046875 0.06666666666666667 0.12109375
