0 0.37447916666666664 0.24277343750000002 0.078125 0.148828125
0 0.4479166666666667 0.2400390625 0.06875 0.144140625
0 0.6502604166666667 0.24824218750000002 0.08489583333333334 0.143359375
0 0.7244791666666667 0.2638671875 0.08333333333333333 0.146484375
3 0.40130208333333334 0.4888671875 0.07447916666666667 0.156640625
3 0.48776041666666664 0.5015625 0.09322916666666667 0.15625
3 0.7171875 0.4751953125 0.10208333333333333 0.13789062500000002
1 0.38567708333333334 0.6533203125 0.06927083333333334 0.11992187500000001
1 0.4544270833333333 0.676953125 0.06614583333333333 0.12578125
1 0.5283854166666666 0.6927734375000001 0.07552083333333333 0.11992187500000001
1 0.59921875 0.677734375 0.06614583333333333 0.12187500000000001
1 0.67109375 0.6591796875 0.0734375 0.12617187500000002
2 0.36796875 0.7732421875000001 0.06510416666666667 0.11289062500000001
0 0.4953125 0.2357421875 0.03958333333333333 0.151171875
3 0.6247395833333333 0.480078125 0.08489583333333334 0.10078125
