3 0.23802083333333332 0.42421875000000003 0.034375 0.06875
3 0.2734375 0.42578125 0.034375 0.06875
3 0.3109375 0.42578125 0.034375 0.06875
3 0.3484375 0.42500000000000004 0.034375 0.06875
3 0.24010416666666667 0.5242187500000001 0.034375 0.06875
3 0.2755208333333333 0.5242187500000001 0.034375 0.06875
3 0.3109375 0.52578125 0.034375 0.06875
3 0.34739583333333335 0.525 0.034375 0.06875
3 0.24114583333333334 0.6257812500000001 0.034375 0.06875
3 0.2786458333333333 0.6265625 0.034375 0.06875
3 0.3151041666666667 0.6273437500000001 0.034375 0.06875
3 0.35885416666666664 0.6218750000000001 0.034375 0.06875
0 0.5328125 0.451171875 0.028125 0.06328125
0 0.565625 0.44921875 0.03333333333333333 0.06406250000000001
0 0.6 0.446875 0.03333333333333333 0.06406250000000001
0 0.6333333333333333 0.44843750000000004 0.03333333333333333 0.06406250000000001
0 0.5192708333333333 0.5632812500000001 0.026041666666666668 0.059375000000000004
0 0.659375 0.446875 0.027083333333333334 0.0625
0 0.546875 0.565625 0.03125 0.0625
0 0.58125 0.567578125 0.0375 0.06484375
0 0.6145833333333334 0.56640625 0.035416666666666666 0.065625
0 0.65 0.56640625 0.035416666666666666 0.065625
0 0.6822916666666666 0.5671875000000001 0.03125 0.06406250000000001
0 0.7161458333333334 0.56171875 0.034375 0.0625
3 0.3770833333333333 0.7679687500000001 0.041666666666666664 0.07968750000000001
3 0.41770833333333335 0.765625 0.041666666666666664 0.07968750000000001
3 0.46041666666666664 0.765625 0.041666666666666664 0.07968750000000001
3 0.503125 0.7664062500000001 0.041666666666666664 0.07968750000000001
0 0.5447916666666667 0.769140625 0.03958333333333333 0.07578125000000001
0 0.584375 0.771484375 0.03958333333333333 0.07578125000000001
0 0.6270833333333333 0.77109375 0.04375 0.0734375
0 0.671875 0.77265625 0.04375 0.0734375
1 0.7213541666666666 0.77109375 0.051041666666666666 0.0734375
1 0.7708333333333334 0.7699218750000001 0.04791666666666666 0.07421875
