2 0.3442708333333333 0.26015625000000003 0.08229166666666667 0.1875
2 0.4161458333333333 0.258984375 0.07604166666666666 0.19765625
2 0.48854166666666665 0.26171875 0.07708333333333334 0.1921875
2 0.5604166666666667 0.2625 0.07708333333333334 0.1921875
2 0.6364583333333333 0.2625 0.07708333333333334 0.1921875
2 0.7114583333333333 0.26406250000000003 0.08333333333333333 0.19062500000000002
2 0.3416666666666667 0.48281250000000003 0.07291666666666667 0.1625
2 0.41562499999999997 0.48671875000000003 0.07291666666666667 0.1625
2 0.48125 0.4859375 0.07291666666666667 0.1625
2 0.5541666666666667 0.48828125 0.07291666666666667 0.1625
2 0.6307291666666667 0.490234375 0.07604166666666666 0.16015625
2 0.7026041666666667 0.48945312500000004 0.07604166666666666 0.16015625
2 0.34322916666666664 0.692578125 0.07395833333333333 0.14765625000000002
2 0.4140625 0.689453125 0.07395833333333333 0.14765625000000002
2 0.4828125 0.693359375 0.07395833333333333 0.14765625000000002
2 0.5505208333333333 0.6941406250000001 0.07395833333333333 0.14765625000000002
2 0.6161458333333333 0.6957031250000001 0.07395833333333333 0.14765625000000002
2 0.6828125 0.6980468750000001 0.07395833333333333 0.14765625000000002
2 0.35052083333333334 0.88046875 0.06770833333333333 0.134375
2 0.4119791666666667 0.88046875 0.06770833333333333 0.134375
2 0.4765625 0.88046875 0.06770833333333333 0.134375
2 0.5416666666666666 0.882421875 0.06875 0.12734375
2 0.6067708333333334 0.884765625 0.06979166666666667 0.13359375
2 0.671875 0.88203125 0.06666666666666667 0.12812500000000002
