0 0.3768229166666667 0.2681640625 0.049479166666666664 0.130859375
0 0.42994791666666665 0.28046875 0.0515625 0.13515625
0 0.4875 0.29609375 0.057291666666666664 0.13984375000000002
0 0.5505208333333333 0.3111328125 0.06354166666666666 0.147265625
0 0.6255208333333333 0.3193359375 0.07916666666666666 0.138671875
1 0.3638020833333333 0.47597656250000003 0.050520833333333334 0.106640625
3 0.41380208333333335 0.4939453125 0.04635416666666667 0.105859375
3 0.4640625 0.5095703125000001 0.05 0.123046875
3 0.5171875 0.5279296875 0.053125 0.123046875
3 0.58359375 0.547265625 0.0734375 0.11953125
2 0.34401041666666665 0.6220703125 0.04635416666666667 0.11601562500000001
2 0.3888020833333333 0.6449218750000001 0.043229166666666666 0.1203125
2 0.4359375 0.6662109375 0.051041666666666666 0.11992187500000001
2 0.48854166666666665 0.69453125 0.051041666666666666 0.11953125
2 0.5497395833333333 0.716015625 0.06927083333333334 0.11406250000000001
2 0.33984375 0.7625000000000001 0.03802083333333333 0.08984375
2 0.37734375 0.7835937500000001 0.03802083333333333 0.08984375
2 0.41692708333333334 0.804296875 0.03802083333333333 0.08984375
2 0.45859374999999997 0.8296875 0.044270833333333336 0.09296875
2 0.51875 0.8603515625 0.07395833333333333 0.09257812500000001
