0 0.5005208333333333 0.50390625 0.042708333333333334 0.07968750000000001
0 0.5463541666666667 0.500390625 0.046875 0.07578125000000001
0 0.5963541666666666 0.499609375 0.051041666666666666 0.07421875
1 0.6885416666666666 0.498046875 0.04791666666666666 0.07578125000000001
1 0.6395833333333333 0.500390625 0.041666666666666664 0.07578125000000001
2 0.49322916666666666 0.6355468750000001 0.042708333333333334 0.09921875000000001
2 0.5432291666666667 0.632421875 0.042708333333333334 0.09921875000000001
2 0.5901041666666667 0.630859375 0.042708333333333334 0.09921875000000001
2 0.6338541666666666 0.6292968750000001 0.042708333333333334 0.09921875000000001
2 0.6776041666666667 0.6277343750000001 0.042708333333333334 0.09921875000000001
2 0.4864583333333333 0.769140625 0.05 0.08359375000000001
2 0.534375 0.762890625 0.05 0.08359375000000001
2 0.578125 0.758984375 0.05 0.08359375000000001
2 0.621875 0.757421875 0.05 0.08359375000000001
2 0.6630208333333333 0.75390625 0.04479166666666667 0.07968750000000001
2 0.4848958333333333 0.8855468750000001 0.04895833333333333 0.08046875
2 0.5270833333333333 0.8828125 0.041666666666666664 0.0734375
