0 0.4127604166666667 0.366015625 0.043229166666666666 0.09765625
0 0.4536458333333333 0.375 0.04479166666666667 0.10078125
0 0.5010416666666666 0.3853515625 0.046875 0.101953125
0 0.5630208333333333 0.3974609375 0.07916666666666666 0.103515625
2 0.34296875 0.487890625 0.03802083333333333 0.10703125000000001
2 0.3776041666666667 0.4978515625 0.034375 0.107421875
2 0.40859375 0.507421875 0.03177083333333333 0.10234375000000001
2 0.44817708333333334 0.5232421875000001 0.049479166666666664 0.103515625
2 0.49505208333333334 0.5376953125 0.044270833333333336 0.109765625
2 0.5588541666666667 0.5552734375 0.08125 0.11601562500000001
2 0.3671875 0.6160156250000001 0.028125 0.08515625
2 0.3989583333333333 0.630859375 0.03333333333333333 0.08671875000000001
2 0.4315104166666667 0.6435546875 0.030729166666666665 0.087890625
2 0.46484375 0.6646484375 0.03802083333333333 0.09335937500000001
2 0.50234375 0.6791015625000001 0.0359375 0.094921875
2 0.5645833333333333 0.6990234375000001 0.08645833333333333 0.102734375
2 0.38203125 0.730078125 0.028645833333333332 0.08359375000000001
2 0.4106770833333333 0.7390625000000001 0.028645833333333332 0.07421875
2 0.4393229166666667 0.753515625 0.028645833333333332 0.07421875
2 0.4708333333333333 0.7722656250000001 0.03125 0.07734375
2 0.5036458333333333 0.7875000000000001 0.034375 0.07890625000000001
2 0.5625 0.8193359375 0.08020833333333333 0.08945312500000001
