0 0.46588541666666666 0.35625 0.0765625 0.13515625
0 0.5486979166666667 0.36445312500000004 0.08072916666666667 0.13515625
0 0.6263020833333334 0.3501953125 0.07239583333333333 0.132421875
3 0.6940104166666666 0.33125000000000004 0.06614583333333333 0.1484375
1 0.4049479166666667 0.5091796875 0.06510416666666667 0.115234375
1 0.46979166666666666 0.5259765625 0.065625 0.122265625
1 0.5390625 0.5345703125 0.07083333333333333 0.113671875
1 0.6015625 0.517578125 0.059375 0.11484375000000001
1 0.6604166666666667 0.500390625 0.06041666666666667 0.11171875
1 0.375 0.6265625 0.06041666666666667 0.1015625
1 0.43124999999999997 0.642578125 0.05416666666666667 0.10546875
1 0.49140625 0.6605468750000001 0.058854166666666666 0.10703125000000001
1 0.5541666666666667 0.66015625 0.06041666666666667 0.1
1 0.6138020833333333 0.6400390625000001 0.05572916666666666 0.094921875
1 0.6651041666666666 0.6240234375 0.04583333333333333 0.098046875
0 0.4049479166666667 0.7806640625000001 0.0484375 0.08945312500000001
0 0.45729166666666665 0.7958984375 0.051041666666666666 0.087890625
0 0.5138020833333333 0.816015625 0.059895833333333336 0.08750000000000001
0 0.56796875 0.7982421875000001 0.050520833333333334 0.087109375
0 0.6166666666666667 0.7841796875 0.04895833333333333 0.086328125
0 0.6526041666666667 0.7564453125 0.041666666666666664 0.083203125
