3 0.2671875 0.21250000000000002 0.09479166666666666 0.171875
3 0.3442708333333333 0.21640625000000002 0.09479166666666666 0.171875
3 0.27291666666666664 0.47773437500000004 0.09166666666666666 0.15703125
3 0.3541666666666667 0.47968750000000004 0.08125 0.153125
3 0.434375 0.479296875 0.07916666666666666 0.14453125
3 0.515625 0.48164062500000004 0.07916666666666666 0.14453125
3 0.6 0.482421875 0.07916666666666666 0.14453125
3 0.68125 0.483984375 0.07916666666666666 0.14453125
3 0.2786458333333333 0.7117187500000001 0.07604166666666666 0.1265625
3 0.3625 0.712890625 0.075 0.13203125000000002
3 0.44166666666666665 0.7113281250000001 0.075 0.13203125000000002
3 0.515625 0.7140625 0.075 0.1375
3 0.5895833333333333 0.71640625 0.075 0.1375
3 0.659375 0.7132812500000001 0.09166666666666666 0.1375
2 0.2947916666666667 0.9128906250000001 0.08333333333333333 0.14296875
2 0.37083333333333335 0.915234375 0.08333333333333333 0.14296875
2 0.44375 0.913671875 0.08333333333333333 0.14296875
2 0.5197916666666667 0.913671875 0.08333333333333333 0.14296875
2 0.596875 0.913671875 0.08333333333333333 0.14296875
2 0.6625 0.9128906250000001 0.08333333333333333 0.14296875
0 0.4359375 0.223046875 0.08229166666666667 0.16171875000000002
0 0.5171875 0.221484375 0.08229166666666667 0.16171875000000002
1 0.6036458333333333 0.225390625 0.08020833333333333 0.16015625
1 0.690625 0.22382812500000002 0.08958333333333333 0.16015625
