0 0.2984375 0.276953125 0.08020833333333333 0.14140625
0 0.37395833333333334 0.278515625 0.06875 0.14140625
0 0.4401041666666667 0.279296875 0.06354166666666666 0.13515625
0 0.5026041666666666 0.275390625 0.06354166666666666 0.13515625
0 0.44635416666666666 0.503125 0.05520833333333333 0.1171875
0 0.49583333333333335 0.49609375 0.04583333333333333 0.115625
0 0.5369791666666667 0.484375 0.03854166666666667 0.1046875
3 0.5817708333333333 0.27382812500000003 0.051041666666666666 0.12890625
1 0.31875 0.525 0.07083333333333333 0.1171875
1 0.38645833333333335 0.5109375 0.07083333333333333 0.1171875
2 0.33489583333333334 0.7046875 0.06979166666666667 0.1375
2 0.4046875 0.6875 0.06979166666666667 0.1375
2 0.46458333333333335 0.6625000000000001 0.052083333333333336 0.12812500000000002
2 0.5119791666666667 0.6468750000000001 0.036458333333333336 0.1234375
2 0.5526041666666667 0.634375 0.036458333333333336 0.1234375
2 0.5911458333333334 0.6234375000000001 0.036458333333333336 0.1234375
2 0.4125 0.8539062500000001 0.041666666666666664 0.11093750000000001
2 0.45729166666666665 0.8359375 0.041666666666666664 0.11093750000000001
2 0.5 0.81640625 0.041666666666666664 0.11093750000000001
2 0.5380208333333333 0.7957031250000001 0.034375 0.09765625
2 0.5713541666666666 0.779296875 0.034375 0.09765625
2 0.3520833333333333 0.886328125 0.07083333333333333 0.11796875000000001
