2 0.3359375 0.335546875 0.08854166666666667 0.21953125
2 0.4119791666666667 0.33242187500000003 0.08854166666666667 0.21953125
2 0.4848958333333333 0.32578125 0.08020833333333333 0.19687500000000002
2 0.559375 0.319140625 0.07291666666666667 0.18984375
2 0.6223958333333334 0.3125 0.065625 0.17500000000000002
2 0.3375 0.583984375 0.07916666666666666 0.15703125
2 0.4125 0.5750000000000001 0.075 0.146875
2 0.3536458333333333 0.7703125000000001 0.07604166666666666 0.13125
2 0.5375 0.542578125 0.06666666666666667 0.13671875
2 0.6026041666666666 0.529296875 0.07395833333333333 0.13046875
