0 0.33567708333333335 0.40957031250000003 0.05677083333333333 0.095703125
0 0.39765625 0.4107421875 0.05677083333333333 0.095703125
0 0.46432291666666664 0.4072265625 0.05677083333333333 0.095703125
0 0.5247395833333334 0.4091796875 0.05677083333333333 0.095703125
0 0.58203125 0.4087890625 0.05677083333333333 0.095703125
1 0.3377604166666667 0.5751953125 0.05260416666666667 0.076171875
1 0.39557291666666666 0.5728515625 0.05260416666666667 0.076171875
1 0.45234375 0.5720703125000001 0.05260416666666667 0.076171875
3 0.50703125 0.5666015625 0.0484375 0.075390625
3 0.5666666666666667 0.565625 0.051041666666666666 0.0765625
3 0.34010416666666665 0.7080078125 0.052083333333333336 0.069140625
3 0.39479166666666665 0.7033203125 0.052083333333333336 0.069140625
3 0.4515625 0.7005859375000001 0.052083333333333336 0.069140625
3 0.5041666666666667 0.6955078125 0.052083333333333336 0.069140625
3 0.5515625 0.6927734375000001 0.041666666666666664 0.070703125
2 0.35 0.815625 0.042708333333333334 0.07109375
2 0.39791666666666664 0.8132812500000001 0.042708333333333334 0.07109375
2 0.4453125 0.80859375 0.042708333333333334 0.07109375
2 0.49166666666666664 0.8070312500000001 0.042708333333333334 0.07109375
2 0.5377604166666666 0.8037109375 0.0453125 0.071484375
