0 0.2583333333333333 0.24570312500000002 0.10208333333333333 0.15859375
0 0.3463541666666667 0.241015625 0.08645833333333333 0.16484375
0 0.44166666666666665 0.244921875 0.08333333333333333 0.15234375
0 0.5291666666666667 0.25390625 0.0875 0.1484375
0 0.6130208333333333 0.25703125 0.084375 0.1546875
1 0.24739583333333334 0.516796875 0.09270833333333334 0.13828125
1 0.3380208333333333 0.5183593750000001 0.08229166666666667 0.13515625
1 0.4171875 0.524609375 0.06770833333333333 0.13828125
1 0.4984375 0.516015625 0.06770833333333333 0.13046875
1 0.578125 0.525390625 0.0875 0.11796875000000001
0 0.2552083333333333 0.753515625 0.09166666666666666 0.12421875
0 0.3380208333333333 0.7503906250000001 0.07395833333333333 0.11796875000000001
3 0.4140625 0.751953125 0.06979166666666667 0.13046875
3 0.49374999999999997 0.748046875 0.09375 0.12890625
2 0.25416666666666665 0.937109375 0.08125 0.12421875
2 0.32916666666666666 0.9363281250000001 0.07083333333333333 0.12265625000000001
2 0.40625 0.93359375 0.08333333333333333 0.13125
2 0.48333333333333334 0.933203125 0.07708333333333334 0.12578125
