1 0.3567708333333333 0.269140625 0.03854166666666667 0.06484375
1 0.40130208333333334 0.2736328125 0.03802083333333333 0.068359375
1 0.45807291666666666 0.2779296875 0.03802083333333333 0.068359375
1 0.49713541666666666 0.2783203125 0.03802083333333333 0.068359375
2 0.31875 0.38984375000000004 0.028125 0.09296875
2 0.3494791666666667 0.39472656250000004 0.034375 0.094921875
2 0.3848958333333333 0.3962890625 0.034375 0.094921875
2 0.43906249999999997 0.40175781250000003 0.03854166666666667 0.087109375
2 0.47552083333333334 0.4021484375 0.03854166666666667 0.087109375
2 0.50703125 0.3982421875 0.027604166666666666 0.08554687500000001
3 0.4184895833333333 0.5720703125000001 0.030729166666666665 0.06992187500000001
3 0.4515625 0.5791015625 0.034375 0.068359375
3 0.48411458333333335 0.5861328125 0.0296875 0.073046875
3 0.5166666666666666 0.5927734375 0.03229166666666666 0.071484375
3 0.55390625 0.599609375 0.03697916666666667 0.0703125
3 0.596875 0.6068359375000001 0.0375 0.067578125
3 0.5658854166666667 0.41445312500000003 0.0234375 0.05859375
3 0.5940104166666667 0.4185546875 0.025520833333333333 0.058203125
3 0.5734375 0.331640625 0.029166666666666667 0.05859375
3 0.6020833333333333 0.33632812500000003 0.029166666666666667 0.05859375
3 0.7130208333333333 0.5066406250000001 0.028125 0.05078125
