0 0.2872395833333333 0.3955078125 0.07760416666666667 0.11289062500000001
0 0.3690104166666667 0.4009765625 0.07760416666666667 0.11289062500000001
0 0.44453125 0.40761718750000003 0.07552083333333333 0.11992187500000001
1 0.5213541666666667 0.41171875 0.075 0.11328125
1 0.603125 0.4140625 0.075 0.11328125
3 0.68203125 0.41328125000000004 0.0765625 0.13125
2 0.3078125 0.56484375 0.071875 0.11640625
2 0.3794270833333333 0.5712890625 0.06927083333333334 0.12382812500000001
2 0.4510416666666667 0.579296875 0.06770833333333333 0.1203125
2 0.5182291666666666 0.58515625 0.06770833333333333 0.1203125
2 0.5895833333333333 0.58828125 0.06770833333333333 0.1203125
2 0.659375 0.58984375 0.06770833333333333 0.08671875000000001
2 0.3140625 0.7208984375 0.0625 0.098828125
2 0.378125 0.7228515625 0.0625 0.098828125
2 0.43828125 0.730078125 0.058854166666666666 0.09921875000000001
2 0.4986979166666667 0.7332031250000001 0.058854166666666666 0.09921875000000001
2 0.55859375 0.7367187500000001 0.058854166666666666 0.09921875000000001
2 0.625 0.7449218750000001 0.07083333333333333 0.10078125
2 0.33619791666666665 0.8455078125000001 0.06302083333333333 0.076171875
2 0.4002604166666667 0.8498046875 0.057812499999999996 0.079296875
2 0.45598958333333334 0.8521484375 0.057812499999999996 0.079296875
2 0.5138020833333333 0.8583984375 0.057812499999999996 0.079296875
2 0.5682291666666667 0.8597656250000001 0.051041666666666666 0.08125
2 0.6203125 0.862890625 0.051041666666666666 0.08125
