0 0.18958333333333333 0.38808593750000003 0.07604166666666666 0.11210937500000001
0 0.2622395833333333 0.3884765625 0.06822916666666666 0.110546875
0 0.33671875 0.3912109375 0.06822916666666666 0.110546875
0 0.40963541666666664 0.39472656250000004 0.06822916666666666 0.110546875
0 0.4778645833333333 0.3951171875 0.06822916666666666 0.110546875
1 0.20494791666666667 0.5841796875 0.0640625 0.09257812500000001
1 0.2721354166666667 0.5845703125 0.0640625 0.09257812500000001
1 0.3377604166666667 0.5837890625000001 0.0640625 0.09257812500000001
1 0.40338541666666666 0.5841796875 0.0640625 0.09257812500000001
1 0.46953125 0.583984375 0.06197916666666667 0.0859375
3 0.22317708333333333 0.7410156250000001 0.05260416666666667 0.07968750000000001
3 0.27838541666666666 0.7375 0.05260416666666667 0.07968750000000001
3 0.3364583333333333 0.7390625000000001 0.05416666666666667 0.08203125
3 0.4015625 0.73828125 0.05416666666666667 0.08203125
3 0.4557291666666667 0.7406250000000001 0.05416666666666667 0.08203125
2 0.228125 0.866796875 0.059375 0.08281250000000001
2 0.2869791666666667 0.86640625 0.059375 0.08281250000000001
2 0.34375 0.8654296875 0.05520833333333333 0.08085937500000001
2 0.3966145833333333 0.8634765625 0.049479166666666664 0.08164062500000001
