3 0.2869791666666667 0.265234375 0.08854166666666667 0.15859375
3 0.3067708333333333 0.7703125000000001 0.08020833333333333 0.140625
3 0.3828125 0.7664062500000001 0.08020833333333333 0.140625
3 0.45989583333333334 0.7640625000000001 0.078125 0.13125
3 0.5369791666666667 0.7601562500000001 0.078125 0.13125
3 0.6109375 0.7609375 0.078125 0.13125
3 0.6223958333333334 0.5320312500000001 0.08020833333333333 0.1234375
3 0.5421875 0.53359375 0.08020833333333333 0.1234375
3 0.4588541666666667 0.5328125 0.08020833333333333 0.1234375
1 0.29583333333333334 0.53359375 0.08541666666666667 0.12812500000000002
1 0.3802083333333333 0.5320312500000001 0.08541666666666667 0.12812500000000002
0 0.3734375 0.27265625 0.08854166666666667 0.14375000000000002
0 0.4630208333333333 0.26953125 0.08854166666666667 0.14375000000000002
0 0.5494791666666666 0.27187500000000003 0.08854166666666667 0.14375000000000002
0 0.6317708333333333 0.27187500000000003 0.090625 0.15625
2 0.4536458333333333 0.938671875 0.08020833333333333 0.11796875000000001
2 0.5364583333333334 0.943359375 0.07708333333333334 0.11171875
2 0.38177083333333334 0.9480468750000001 0.078125 0.10234375000000001
2 0.30052083333333335 0.9460937500000001 0.078125 0.10625000000000001
