3 0.29401041666666666 0.1953125 0.034895833333333334 0.084375
3 0.32708333333333334 0.19687500000000002 0.034375 0.08515625
3 0.36171875 0.19785156250000002 0.03697916666666667 0.08554687500000001
3 0.403125 0.20273437500000002 0.041666666666666664 0.08671875000000001
3 0.43854166666666666 0.20136718750000002 0.030208333333333334 0.08554687500000001
3 0.6151041666666667 0.24375000000000002 0.034375 0.08984375
3 0.6549479166666666 0.2470703125 0.0390625 0.094921875
3 0.6947916666666667 0.25 0.04375 0.09453125000000001
3 0.74375 0.251171875 0.04791666666666666 0.09453125000000001
3 0.7932291666666667 0.252734375 0.05 0.096875
3 0.2950520833333333 0.31484375000000003 0.030729166666666665 0.07500000000000001
3 0.3263020833333333 0.318359375 0.030729166666666665 0.07500000000000001
3 0.3611979166666667 0.32460937500000003 0.0390625 0.07890625000000001
3 0.4263020833333333 0.325 0.0390625 0.07890625000000001
3 0.5958333333333333 0.4 0.042708333333333334 0.08515625
3 0.6380208333333334 0.408203125 0.036458333333333336 0.08828125
3 0.6755208333333333 0.413671875 0.0375 0.08984375
3 0.7213541666666666 0.4185546875 0.04583333333333333 0.090234375
3 0.7708333333333334 0.42207031250000004 0.04583333333333333 0.090234375
3 0.8153645833333333 0.4208984375 0.0421875 0.091015625
3 0.8526041666666666 0.4140625 0.03229166666666666 0.0859375
3 0.29453125 0.4248046875 0.0296875 0.062109375
3 0.32578125 0.42910156250000003 0.0296875 0.062109375
3 0.35859375 0.43593750000000003 0.0359375 0.06328125
3 0.39765625 0.439453125 0.04010416666666666 0.06171875
3 0.22109375 0.5144531250000001 0.030729166666666665 0.07500000000000001
3 0.2559895833333333 0.5244140625 0.04010416666666666 0.07382812500000001
3 0.29322916666666665 0.5166015625 0.034375 0.08554687500000001
3 0.328125 0.5220703125 0.03229166666666666 0.087890625
3 0.36223958333333334 0.5314453125 0.034895833333333334 0.08945312500000001
3 0.39921875 0.540234375 0.03697916666666667 0.09453125000000001
3 0.4380208333333333 0.5466796875000001 0.041666666666666664 0.090234375
3 0.48020833333333335 0.5564453125000001 0.03958333333333333 0.091796875
3 0.5252604166666667 0.5638671875 0.0484375 0.09335937500000001
3 0.59296875 0.5607421875 0.05260416666666667 0.08867187500000001
3 0.321875 0.6039062500000001 0.036458333333333336 0.08125
3 0.3578125 0.6130859375000001 0.034375 0.082421875
3 0.39427083333333335 0.6189453125000001 0.034375 0.082421875
3 0.4302083333333333 0.6302734375000001 0.034375 0.082421875
3 0.46901041666666665 0.6416015625 0.04114583333333333 0.083203125
3 0.509375 0.6511718750000001 0.03958333333333333 0.0921875
3 0.55078125 0.6591796875 0.0359375 0.08554687500000001
2 0.58984375 0.659765625 0.03802083333333333 0.11171875
2 0.6299479166666666 0.6697265625000001 0.0390625 0.10898437500000001
2 0.6697916666666667 0.680859375 0.03958333333333333 0.10703125000000001
2 0.7205729166666667 0.691015625 0.05260416666666667 0.10703125000000001
1 0.18854166666666666 0.5080078125 0.03333333333333333 0.072265625
