3 0.3338541666666667 0.366796875 0.06145833333333333 0.11015625000000001
3 0.38177083333333334 0.369140625 0.051041666666666666 0.12421875
3 0.4380208333333333 0.38203125000000004 0.057291666666666664 0.11875000000000001
3 0.49947916666666664 0.38007812500000004 0.06979166666666667 0.11796875000000001
3 0.5692708333333333 0.37812500000000004 0.065625 0.1265625
0 0.3515625 0.50703125 0.05520833333333333 0.096875
0 0.4015625 0.520703125 0.053125 0.10234375000000001
0 0.4578125 0.53046875 0.06354166666666666 0.09843750000000001
0 0.5380208333333333 0.525390625 0.057291666666666664 0.10546875
0 0.5932291666666667 0.516796875 0.06145833333333333 0.09453125000000001
1 0.3536458333333333 0.62265625 0.042708333333333334 0.1015625
1 0.3932291666666667 0.636328125 0.04479166666666667 0.10703125000000001
1 0.4359375 0.64765625 0.04479166666666667 0.096875
1 0.4901041666666667 0.6507812500000001 0.06770833333333333 0.10312500000000001
1 0.5432291666666667 0.644140625 0.05520833333333333 0.09453125000000001
1 0.5932291666666667 0.6273437500000001 0.053125 0.0921875
2 0.4171875 0.7800781250000001 0.051041666666666666 0.11953125
2 0.4661458333333333 0.7894531250000001 0.05520833333333333 0.10703125000000001
2 0.5151041666666667 0.778515625 0.06354166666666666 0.11953125
2 0.5671875 0.77109375 0.057291666666666664 0.1046875
2 0.6015625 0.755859375 0.04895833333333333 0.12890625
