0 0.2375 0.16367187500000002 0.09166666666666666 0.16953125000000002
1 0.3375 0.1859375 0.1 0.16875
1 0.5770833333333333 0.20273437500000002 0.08541666666666667 0.12890625
1 0.4270833333333333 0.17343750000000002 0.09166666666666666 0.15937500000000002
1 0.6567708333333333 0.205859375 0.06145833333333333 0.11640625
2 0.2520833333333333 0.405078125 0.10208333333333333 0.19921875
2 0.3515625 0.409765625 0.08020833333333333 0.20859375000000002
2 0.42604166666666665 0.41054687500000003 0.06875 0.18828125
2 0.5036458333333333 0.408984375 0.065625 0.19765625
2 0.5723958333333333 0.412109375 0.06354166666666666 0.20390625
2 0.6427083333333333 0.412109375 0.06875 0.20078125000000002
2 0.265625 0.659375 0.09166666666666666 0.184375
2 0.34739583333333335 0.65390625 0.07604166666666666 0.1703125
2 0.421875 0.65234375 0.08125 0.16718750000000002
2 0.4901041666666667 0.65234375 0.06770833333333333 0.1703125
2 0.5703125 0.64765625 0.06770833333333333 0.1703125
2 0.6458333333333334 0.641796875 0.07916666666666666 0.17265625
2 0.2677083333333333 0.88671875 0.09166666666666666 0.1609375
2 0.3536458333333333 0.87265625 0.06770833333333333 0.15156250000000002
2 0.41875 0.868359375 0.07083333333333333 0.15234375
2 0.5005208333333333 0.86328125 0.06770833333333333 0.153125
2 0.5598958333333334 0.85078125 0.059375 0.15000000000000002
2 0.63125 0.84765625 0.07083333333333333 0.15625
