0 0.3489583333333333 0.2751953125 0.07083333333333333 0.11601562500000001
0 0.41822916666666665 0.27675781250000003 0.07083333333333333 0.11601562500000001
0 0.4947916666666667 0.2744140625 0.07083333333333333 0.11601562500000001
0 0.5546875 0.2751953125 0.0625 0.113671875
0 0.6208333333333333 0.2771484375 0.0625 0.113671875
0 0.35572916666666665 0.4892578125 0.0625 0.113671875
0 0.41822916666666665 0.4861328125 0.0625 0.113671875
0 0.4828125 0.4880859375 0.0625 0.113671875
0 0.5515625 0.48574218750000003 0.0625 0.113671875
0 0.6239583333333333 0.4880859375 0.0625 0.113671875
1 0.3598958333333333 0.6890625 0.0625 0.10234375000000001
1 0.4244791666666667 0.68671875 0.0625 0.10234375000000001
1 0.4895833333333333 0.68671875 0.0625 0.10234375000000001
1 0.553125 0.6890625 0.0625 0.10234375000000001
1 0.6177083333333333 0.687109375 0.0625 0.10234375000000001
2 0.3614583333333333 0.860546875 0.065625 0.12734375
2 0.428125 0.8621093750000001 0.065625 0.12734375
2 0.49166666666666664 0.8521484375 0.06041666666666667 0.130859375
2 0.5520833333333334 0.8494140625000001 0.06041666666666667 0.130859375
2 0.6145833333333334 0.8548828125000001 0.06041666666666667 0.130859375
