     0/149     10.8G   0.07389     2.275   0.02849     2.378       931       640         0         0         0         0    0.1112     1.322   0.03122
     1/149     10.7G   0.08106     0.705   0.03128    0.8173       618       640         0         0         0         0    0.1112    0.4139   0.03122
     2/149     10.7G   0.08124    0.2903   0.03057    0.4021       771       640         0         0         0         0    0.1111    0.2419   0.03122
     3/149     10.7G    0.0797    0.1682   0.03054    0.2784       792       640         0         0         0         0    0.1107    0.1618   0.03121
     4/149     10.7G   0.07932    0.1007   0.03053    0.2105       796       640 0.0002019  0.002097 2.222e-06 6.266e-07    0.1079    0.1179   0.03119
     5/149     10.7G    0.0757   0.06522   0.03118    0.1721       622       640   0.09426    0.1445   0.03418  0.006119    0.1035    0.1008   0.03117
     6/149     10.7G   0.07475   0.05128   0.03113    0.1572       953       640    0.1521    0.1396   0.06796   0.01301    0.1022   0.09278   0.03115
     7/149     10.7G   0.07426   0.04347   0.03109    0.1488       662       640    0.1599    0.1782    0.1124   0.02207    0.1014   0.08796   0.03111
     8/149     10.7G   0.07324   0.03801   0.03103    0.1423       669       640    0.1941    0.5413    0.1844   0.04719    0.1003   0.08614   0.03106
     9/149     10.7G   0.07234   0.03425   0.03092    0.1375       821       640    0.1974     0.521    0.1902   0.05623    0.0992   0.08599   0.03101
    10/149     10.7G   0.07103   0.03313   0.03081     0.135       655       640    0.2069    0.6905    0.2182   0.06572   0.09759   0.08486   0.03093
    11/149     10.7G   0.06891   0.03046   0.03069    0.1301       904       640    0.2266     0.585    0.2289   0.08488    0.0956   0.08456   0.03085
