1 0.2421875 0.39003906250000003 0.065625 0.11601562500000001
1 0.3046875 0.390625 0.06145833333333333 0.1125
1 0.3677083333333333 0.392578125 0.06145833333333333 0.1125
0 0.43385416666666665 0.39921875 0.06875 0.12734375
0 0.5067708333333333 0.405859375 0.06875 0.12734375
0 0.27578125 0.581640625 0.0484375 0.09765625
0 0.3333333333333333 0.5906250000000001 0.058333333333333334 0.09765625
0 0.3958333333333333 0.594921875 0.058333333333333334 0.09765625
0 0.4536458333333333 0.6039062500000001 0.058333333333333334 0.09765625
0 0.5130208333333334 0.6171875 0.058333333333333334 0.09765625
0 0.3046875 0.7427734375 0.04895833333333333 0.083203125
0 0.35885416666666664 0.7494140625000001 0.04895833333333333 0.083203125
0 0.4088541666666667 0.7642578125 0.04895833333333333 0.083203125
0 0.46510416666666665 0.77890625 0.053125 0.0890625
0 0.5229166666666667 0.784375 0.053125 0.0890625
2 0.30859375 0.869140625 0.050520833333333334 0.09453125000000001
2 0.35963541666666665 0.8757812500000001 0.050520833333333334 0.09453125000000001
2 0.41380208333333335 0.8890625000000001 0.050520833333333334 0.09453125000000001
2 0.4627604166666667 0.899609375 0.050520833333333334 0.09453125000000001
2 0.5302083333333333 0.9169921875 0.07708333333333334 0.090234375
