0 0.40963541666666664 0.39082031250000004 0.044270833333333336 0.086328125
0 0.45546875 0.4001953125 0.044270833333333336 0.086328125
0 0.5028645833333333 0.40566406250000003 0.05260416666666667 0.087109375
0 0.5565104166666667 0.4029296875 0.05260416666666667 0.087109375
0 0.3932291666666667 0.50546875 0.036458333333333336 0.08671875000000001
0 0.4296875 0.516015625 0.03958333333333333 0.08984375
0 0.47552083333333334 0.5240234375 0.04791666666666666 0.091796875
0 0.525 0.5279296875 0.04791666666666666 0.091796875
0 0.5669270833333333 0.519140625 0.0390625 0.09140625000000001
0 0.61171875 0.5154296875000001 0.0484375 0.091015625
1 0.39947916666666666 0.6126953125000001 0.042708333333333334 0.08085937500000001
1 0.4421875 0.6232421875 0.042708333333333334 0.08085937500000001
1 0.48385416666666664 0.6314453125 0.042708333333333334 0.08085937500000001
1 0.5302083333333333 0.6298828125 0.042708333333333334 0.08085937500000001
3 0.4083333333333333 0.74765625 0.035416666666666666 0.08515625
3 0.4458333333333333 0.7582031250000001 0.035416666666666666 0.08515625
3 0.48411458333333335 0.7693359375000001 0.0421875 0.08085937500000001
3 0.5263020833333333 0.7689453125000001 0.0421875 0.08085937500000001
2 0.6075520833333333 0.734375 0.0390625 0.1
2 0.5674479166666666 0.74375 0.0390625 0.1
