0 0.31354166666666666 0.26406250000000003 0.071875 0.12734375
3 0.37734375 0.2634765625 0.059895833333333336 0.144140625
3 0.43072916666666666 0.2765625 0.07604166666666666 0.15781250000000002
3 0.50859375 0.2763671875 0.0765625 0.144921875
3 0.58515625 0.2740234375 0.0765625 0.144921875
3 0.6619791666666667 0.2673828125 0.075 0.138671875
0 0.3307291666666667 0.4244140625 0.052083333333333336 0.114453125
0 0.38177083333333334 0.4404296875 0.052083333333333336 0.114453125
0 0.4419270833333333 0.45722656250000004 0.0671875 0.12382812500000001
0 0.5122395833333333 0.45644531250000003 0.06927083333333334 0.113671875
0 0.5778645833333333 0.44921875 0.06302083333333333 0.1125
0 0.64375 0.4423828125 0.06875 0.109765625
0 0.6299479166666666 0.5720703125000001 0.0484375 0.102734375
0 0.5791666666666666 0.5845703125 0.051041666666666666 0.099609375
1 0.3598958333333333 0.5685546875 0.053125 0.10429687500000001
1 0.40859375 0.58828125 0.043229166666666666 0.11015625000000001
1 0.4627604166666667 0.6019531250000001 0.0640625 0.09843750000000001
1 0.5239583333333333 0.5953125 0.059375 0.09843750000000001
1 0.3520833333333333 0.7203125 0.040625 0.09062500000000001
1 0.39348958333333334 0.7373046875 0.0453125 0.087109375
1 0.44244791666666666 0.7568359375 0.05260416666666667 0.090234375
1 0.4973958333333333 0.7607421875 0.05625 0.087890625
1 0.5526041666666667 0.7517578125000001 0.05416666666666667 0.08867187500000001
1 0.6057291666666667 0.7373046875 0.052083333333333336 0.086328125
