3 0.37786458333333334 0.41132812500000004 0.08072916666666667 0.1328125
3 0.46432291666666664 0.413671875 0.08072916666666667 0.1328125
3 0.54609375 0.413671875 0.08072916666666667 0.1328125
3 0.6299479166666666 0.415625 0.08072916666666667 0.1328125
3 0.7184895833333333 0.416796875 0.08072916666666667 0.1328125
3 0.3893229166666667 0.6234375000000001 0.0640625 0.09453125000000001
3 0.45651041666666664 0.6253906250000001 0.0640625 0.09453125000000001
3 0.5346354166666667 0.62421875 0.0640625 0.09453125000000001
1 0.6135416666666667 0.626171875 0.06875 0.09296875
1 0.684375 0.62421875 0.06875 0.09296875
0 0.3971354166666667 0.77890625 0.059895833333333336 0.07265625
0 0.46015625 0.7800781250000001 0.059895833333333336 0.07265625
0 0.5263020833333333 0.779296875 0.059895833333333336 0.07265625
0 0.5877604166666667 0.7820312500000001 0.059895833333333336 0.07265625
0 0.6544270833333333 0.7816406250000001 0.059895833333333336 0.07265625
2 0.40182291666666664 0.88984375 0.05364583333333333 0.06484375
2 0.45703125 0.8933593750000001 0.05364583333333333 0.06484375
2 0.5174479166666667 0.89609375 0.05364583333333333 0.06484375
2 0.57421875 0.895703125 0.05364583333333333 0.06484375
2 0.6325520833333333 0.8972656250000001 0.05364583333333333 0.06484375
