0 0.3265625 0.26796875000000003 0.090625 0.1296875
0 0.40625 0.26601562500000003 0.08958333333333333 0.13359375
0 0.48802083333333335 0.264453125 0.084375 0.13515625
0 0.5692708333333333 0.2609375 0.090625 0.1296875
0 0.6442708333333333 0.26171875 0.08229166666666667 0.1375
1 0.34010416666666665 0.5085937500000001 0.084375 0.115625
1 0.41822916666666665 0.50625 0.084375 0.115625
1 0.48802083333333335 0.5046875000000001 0.084375 0.115625
3 0.571875 0.505859375 0.06875 0.12109375
3 0.6385416666666667 0.505859375 0.06875 0.12109375
3 0.3572916666666667 0.7175781250000001 0.06875 0.12109375
3 0.421875 0.716015625 0.06875 0.12109375
3 0.4942708333333333 0.714453125 0.071875 0.11953125
3 0.5697916666666667 0.7136718750000001 0.06875 0.11796875000000001
2 0.3625 0.898046875 0.07083333333333333 0.12578125
2 0.434375 0.900390625 0.07083333333333333 0.12578125
2 0.50625 0.900390625 0.07083333333333333 0.12578125
2 0.575 0.9011718750000001 0.07083333333333333 0.12578125
