0 0.29583333333333334 0.1875 0.08958333333333333 0.15156250000000002
0 0.38229166666666664 0.1875 0.08958333333333333 0.15156250000000002
0 0.47291666666666665 0.1953125 0.08958333333333333 0.15156250000000002
0 0.5604166666666667 0.19453125000000002 0.08958333333333333 0.15156250000000002
0 0.6385416666666667 0.19921875 0.07708333333333334 0.153125
0 0.46822916666666664 0.451953125 0.078125 0.12421875
0 0.5442708333333334 0.452734375 0.078125 0.12421875
0 0.6171875 0.452734375 0.06770833333333333 0.12421875
0 0.6848958333333334 0.45429687500000004 0.06770833333333333 0.12421875
3 0.721875 0.19101562500000002 0.08333333333333333 0.16484375
1 0.3072916666666667 0.452734375 0.075 0.12578125
1 0.384375 0.451953125 0.075 0.12578125
2 0.315625 0.649609375 0.08333333333333333 0.14765625000000002
2 0.39375 0.6472656250000001 0.08333333333333333 0.14765625000000002
2 0.47291666666666665 0.6433593750000001 0.08333333333333333 0.14765625000000002
2 0.5447916666666667 0.6421875 0.07083333333333333 0.1484375
2 0.6125 0.64609375 0.07083333333333333 0.1484375
2 0.6854166666666667 0.64453125 0.07083333333333333 0.1484375
2 0.3145833333333333 0.841796875 0.06458333333333333 0.13046875
2 0.37916666666666665 0.8386718750000001 0.06458333333333333 0.13046875
2 0.44895833333333335 0.837109375 0.06458333333333333 0.13046875
2 0.515625 0.833984375 0.06458333333333333 0.13046875
2 0.58125 0.8308593750000001 0.06458333333333333 0.13046875
2 0.646875 0.829296875 0.06458333333333333 0.13046875
