0 0.49296875 0.40546875000000004 0.0515625 0.08750000000000001
0 0.55390625 0.40664062500000003 0.0515625 0.08750000000000001
0 0.6158854166666666 0.4078125 0.0515625 0.08750000000000001
0 0.67265625 0.40742187500000004 0.0515625 0.08750000000000001
0 0.7346354166666667 0.40625 0.0515625 0.08750000000000001
0 0.50859375 0.5599609375 0.049479166666666664 0.075390625
0 0.5627604166666667 0.5595703125 0.049479166666666664 0.075390625
0 0.51328125 0.6917968750000001 0.043229166666666666 0.06484375
0 0.56015625 0.692578125 0.043229166666666666 0.06484375
1 0.6153645833333333 0.56171875 0.04635416666666667 0.07187500000000001
2 0.6072916666666667 0.6849609375000001 0.04479166666666667 0.083203125
2 0.6552083333333333 0.6861328125 0.04479166666666667 0.083203125
2 0.7052083333333333 0.6876953125 0.04479166666666667 0.083203125
2 0.5158854166666667 0.798046875 0.04114583333333333 0.07265625
2 0.5630208333333333 0.7992187500000001 0.040625 0.0734375
2 0.60859375 0.7996093750000001 0.04010416666666666 0.0703125
2 0.6549479166666666 0.804296875 0.04010416666666666 0.0703125
2 0.7028645833333333 0.8078125 0.04010416666666666 0.0703125
3 0.6645833333333333 0.5609375 0.04479166666666667 0.08359375000000001
3 0.721875 0.5609375 0.04479166666666667 0.08359375000000001
