1 0.3416666666666667 0.40273437500000003 0.10833333333333334 0.16328125000000002
1 0.43333333333333335 0.400390625 0.07083333333333333 0.15859375
1 0.5078125 0.38515625000000003 0.08229166666666667 0.14375000000000002
1 0.5875 0.36953125000000003 0.07291666666666667 0.15937500000000002
1 0.6640625 0.36367187500000003 0.07604166666666666 0.15390625000000002
2 0.3854166666666667 0.61640625 0.08958333333333333 0.146875
2 0.4630208333333333 0.593359375 0.06979166666666667 0.13515625
2 0.5229166666666667 0.5750000000000001 0.07083333333333333 0.15000000000000002
2 0.5927083333333333 0.56171875 0.075 0.1484375
2 0.6432291666666666 0.54140625 0.05520833333333333 0.13125
2 0.7036458333333333 0.52890625 0.06979166666666667 0.146875
2 0.3770833333333333 0.8089843750000001 0.08125 0.11796875000000001
2 0.4473958333333333 0.780859375 0.05520833333333333 0.12734375
2 0.5067708333333333 0.747265625 0.07604166666666666 0.11484375000000001
2 0.5640625 0.730078125 0.051041666666666666 0.11328125
2 0.6161458333333333 0.70625 0.057291666666666664 0.08750000000000001
2 0.6791666666666667 0.681640625 0.07291666666666667 0.09296875
2 0.38125 0.93125 0.06875 0.07500000000000001
2 0.4421875 0.907421875 0.04895833333333333 0.07421875
2 0.49114583333333334 0.8859375 0.040625 0.0671875
2 0.5390625 0.8636718750000001 0.046875 0.06328125
2 0.5869791666666666 0.8324218750000001 0.04895833333333333 0.06484375
2 0.6390625 0.80859375 0.046875 0.05625
