0 0.16822916666666665 0.44082031250000003 0.04895833333333333 0.070703125
0 0.21562499999999998 0.44140625 0.04583333333333333 0.07109375
0 0.2630208333333333 0.44179687500000003 0.04583333333333333 0.07109375
0 0.30755208333333334 0.4392578125 0.0421875 0.06992187500000001
0 0.18359375 0.548828125 0.049479166666666664 0.06953125
0 0.23255208333333333 0.546875 0.049479166666666664 0.06953125
0 0.2830729166666667 0.5455078125 0.044270833333333336 0.067578125
0 0.321875 0.5384765625 0.035416666666666666 0.07382812500000001
0 0.18828125 0.6427734375 0.044270833333333336 0.065234375
1 0.23255208333333333 0.6419921875000001 0.043229166666666666 0.067578125
1 0.27630208333333334 0.6416015625 0.043229166666666666 0.067578125
1 0.3169270833333333 0.6357421875 0.03697916666666667 0.073046875
3 0.18046875 0.7646484375 0.0328125 0.078515625
3 0.21875 0.7703125000000001 0.040625 0.07265625
3 0.26197916666666665 0.7677734375 0.04479166666666667 0.070703125
3 0.30625 0.765625 0.041666666666666664 0.0671875
