0 0.29765625 0.09746093750000001 0.12239583333333333 0.181640625
0 0.41354166666666664 0.09296875 0.1125 0.1859375
1 0.5229166666666667 0.09550781250000001 0.09895833333333333 0.190234375
1 0.6315104166666666 0.0947265625 0.10677083333333333 0.189453125
1 0.73828125 0.0947265625 0.10677083333333333 0.189453125
2 0.30963541666666666 0.3828125 0.0921875 0.22265625
2 0.40208333333333335 0.385546875 0.09479166666666666 0.2234375
2 0.5 0.38359375 0.09479166666666666 0.2234375
2 0.6 0.38515625000000003 0.09479166666666666 0.2234375
2 0.703125 0.389453125 0.09479166666666666 0.2234375
2 0.31614583333333335 0.6669921875 0.08854166666666667 0.178515625
2 0.40781249999999997 0.6693359375000001 0.08854166666666667 0.178515625
2 0.5109375 0.6646484375 0.08854166666666667 0.178515625
2 0.6005208333333333 0.6712890625000001 0.08854166666666667 0.178515625
2 0.6854166666666667 0.6740234375 0.08854166666666667 0.178515625
2 0.32447916666666665 0.90625 0.08541666666666667 0.15546875000000002
2 0.4109375 0.904296875 0.08541666666666667 0.15546875000000002
2 0.4953125 0.903515625 0.08541666666666667 0.15546875000000002
2 0.5833333333333334 0.909375 0.08541666666666667 0.15546875000000002
2 0.6713541666666667 0.916015625 0.08541666666666667 0.15546875000000002
