0 0.24010416666666667 0.34296875000000004 0.040625 0.07187500000000001
0 0.2796875 0.32656250000000003 0.042708333333333334 0.0765625
0 0.3229166666666667 0.323828125 0.04791666666666666 0.08828125
0 0.3796875 0.326953125 0.05520833333333333 0.08515625
0 0.43072916666666666 0.32851562500000003 0.05520833333333333 0.09453125000000001
0 0.47604166666666664 0.330859375 0.03958333333333333 0.10234375000000001
1 0.3026041666666667 0.46640625 0.059375 0.08281250000000001
1 0.3546875 0.4578125 0.04479166666666667 0.084375
1 0.40572916666666664 0.45546875000000003 0.06145833333333333 0.0734375
1 0.4609375 0.45546875000000003 0.04479166666666667 0.08281250000000001
1 0.3130208333333333 0.5828125000000001 0.046875 0.0703125
1 0.2598958333333333 0.5750000000000001 0.034375 0.08281250000000001
1 0.3598958333333333 0.584375 0.046875 0.0859375
1 0.41302083333333334 0.5796875 0.05520833333333333 0.08281250000000001
1 0.45677083333333335 0.5750000000000001 0.04479166666666667 0.0765625
3 0.3046875 0.758984375 0.05520833333333333 0.09453125000000001
3 0.35885416666666664 0.751953125 0.053125 0.08984375
3 0.4067708333333333 0.758984375 0.05520833333333333 0.09453125000000001
3 0.4484375 0.7527343750000001 0.053125 0.10078125
