1 0.2947916666666667 0.322265625 0.08541666666666667 0.12890625
1 0.3833333333333333 0.323828125 0.08541666666666667 0.12890625
0 0.46979166666666666 0.323828125 0.08541666666666667 0.12890625
0 0.5614583333333333 0.331640625 0.08541666666666667 0.12890625
0 0.6541666666666667 0.330078125 0.08541666666666667 0.12890625
3 0.32916666666666666 0.521484375 0.06666666666666667 0.10078125
3 0.4010416666666667 0.523046875 0.06666666666666667 0.10078125
3 0.47291666666666665 0.526953125 0.06666666666666667 0.10078125
3 0.5552083333333333 0.526953125 0.06666666666666667 0.10078125
3 0.6239583333333333 0.529296875 0.06666666666666667 0.10078125
2 0.3421875 0.66015625 0.065625 0.0859375
2 0.40781249999999997 0.6625000000000001 0.065625 0.0859375
2 0.46822916666666664 0.6640625 0.05520833333333333 0.084375
2 0.5359375 0.6664062500000001 0.05520833333333333 0.084375
2 0.6005208333333333 0.665625 0.05520833333333333 0.084375
2 0.3651041666666667 0.77109375 0.04895833333333333 0.06406250000000001
2 0.4203125 0.7718750000000001 0.04895833333333333 0.06406250000000001
2 0.47552083333333334 0.77265625 0.04895833333333333 0.06406250000000001
2 0.5317708333333333 0.77734375 0.04895833333333333 0.06406250000000001
2 0.5848958333333333 0.7757812500000001 0.04895833333333333 0.06406250000000001
