3 0.21197916666666666 0.30859375 0.03958333333333333 0.1171875
3 0.28359375 0.30625 0.04739583333333333 0.14375000000000002
3 0.3578125 0.3103515625 0.10104166666666667 0.15351562500000002
0 0.20078125 0.5085937500000001 0.033854166666666664 0.09843750000000001
0 0.23463541666666665 0.5183593750000001 0.033854166666666664 0.09843750000000001
0 0.2716145833333333 0.52890625 0.0390625 0.10078125
0 0.3111979166666667 0.5417968750000001 0.03802083333333333 0.10390625
0 0.3755208333333333 0.558203125 0.08854166666666667 0.11093750000000001
0 0.2203125 0.6791015625000001 0.03229166666666666 0.08476562500000001
0 0.25390625 0.6937500000000001 0.033854166666666664 0.0859375
1 0.2895833333333333 0.7125 0.035416666666666666 0.0859375
1 0.32838541666666665 0.732421875 0.04010416666666666 0.08671875000000001
1 0.38229166666666664 0.7607421875 0.09166666666666666 0.102734375
2 0.22239583333333332 0.7933593750000001 0.027083333333333334 0.06875
2 0.2520833333333333 0.8246093750000001 0.03333333333333333 0.08828125
2 0.2830729166666667 0.8464843750000001 0.0296875 0.08984375
2 0.31640625 0.8705078125000001 0.033854166666666664 0.09648437500000001
2 0.38125 0.908203125 0.09375 0.11328125
1 0.42109375 0.722265625 0.07864583333333333 0.09453125000000001
2 0.421875 0.8773437500000001 0.09375 0.11328125
0 0.3450520833333333 0.44550781250000004 0.07447916666666667 0.094921875
3 0.4028645833333333 0.2849609375 0.08489583333333334 0.14179687500000002
