3 0.4614583333333333 0.40058593750000004 0.09375 0.126953125
3 0.5375 0.386328125 0.06041666666666667 0.12421875
3 0.59453125 0.36542968750000004 0.05260416666666667 0.13398437500000002
3 0.64765625 0.3564453125 0.05260416666666667 0.13398437500000002
3 0.5302083333333333 0.595703125 0.05416666666666667 0.1046875
3 0.4635416666666667 0.61640625 0.075 0.10234375000000001
3 0.5807291666666666 0.5654296875 0.05 0.099609375
3 0.6247395833333333 0.5457031250000001 0.04010416666666666 0.09453125000000001
0 0.5604166666666667 0.7289062500000001 0.040625 0.0765625
0 0.6013020833333333 0.6990234375000001 0.04114583333333333 0.069140625
2 0.48385416666666664 0.8984375 0.058333333333333334 0.09921875000000001
2 0.534375 0.8578125000000001 0.04375 0.06015625
2 0.5697916666666667 0.8289062500000001 0.030208333333333334 0.06015625
2 0.6020833333333333 0.8068359375 0.03333333333333333 0.059765625
0 0.5213541666666667 0.7470703125 0.052083333333333336 0.07695312500000001
0 0.46458333333333335 0.7802734375 0.071875 0.094921875
0 0.42604166666666665 0.7486328125 0.059375 0.08945312500000001
