3 0.2708333333333333 0.41640625000000003 0.0875 0.140625
3 0.3520833333333333 0.41875 0.0875 0.140625
3 0.2984375 0.63671875 0.071875 0.1203125
3 0.3734375 0.6335937500000001 0.071875 0.1203125
3 0.4421875 0.6359375 0.071875 0.1203125
3 0.5145833333333333 0.63828125 0.075 0.1234375
3 0.5973958333333333 0.634375 0.071875 0.1203125
3 0.6661458333333333 0.634375 0.071875 0.1203125
3 0.31927083333333334 0.8078125 0.06979166666666667 0.09375
3 0.3932291666666667 0.80625 0.06979166666666667 0.09375
3 0.4536458333333333 0.80625 0.06979166666666667 0.09375
3 0.5182291666666666 0.8031250000000001 0.06979166666666667 0.09375
3 0.5796875 0.80625 0.06979166666666667 0.09375
3 0.6421875 0.798828125 0.07604166666666666 0.09296875
0 0.4375 0.42500000000000004 0.07916666666666666 0.12812500000000002
0 0.5145833333333333 0.42500000000000004 0.07916666666666666 0.12812500000000002
1 0.5921875 0.42812500000000003 0.084375 0.1296875
1 0.6713541666666667 0.42500000000000004 0.084375 0.1296875
