0 0.25760135135135137 0.38544303797468354 0.045608108108108114 0.0670886075949367
0 0.29645270270270274 0.38544303797468354 0.03885135135135136 0.0670886075949367
0 0.33952702702702703 0.3841772151898734 0.04054054054054054 0.06962025316455696
0 0.38260135135135137 0.38544303797468354 0.04222972972972973 0.06962025316455696
3 0.27618243243243246 0.4911392405063291 0.048986486486486486 0.07341772151898734
3 0.3141891891891892 0.4917721518987342 0.04391891891891892 0.07468354430379746
3 0.35472972972972977 0.49430379746835446 0.04391891891891892 0.07468354430379746
3 0.3952702702702703 0.49430379746835446 0.04391891891891892 0.07468354430379746
1 0.5869932432432433 0.4018987341772152 0.03547297297297297 0.07468354430379746
1 0.6241554054054055 0.40443037974683543 0.03547297297297297 0.07468354430379746
1 0.6672297297297297 0.4031645569620253 0.04391891891891892 0.07468354430379746
1 0.7060810810810811 0.4018987341772152 0.037162162162162164 0.07468354430379746
1 0.7415540540540541 0.3930379746835443 0.037162162162162164 0.07468354430379746
1 0.5734797297297297 0.5234177215189874 0.0320945945945946 0.0670886075949367
1 0.6055743243243243 0.5284810126582279 0.0320945945945946 0.0670886075949367
1 0.6402027027027027 0.5348101265822784 0.04054054054054054 0.07215189873417721
1 0.6824324324324325 0.5360759493670886 0.04054054054054054 0.07215189873417721
1 0.7221283783783784 0.5329113924050634 0.03547297297297297 0.06075949367088608
1 0.7525337837837838 0.5265822784810127 0.028716216216216218 0.06329113924050633
1 0.78125 0.5215189873417722 0.028716216216216218 0.06329113924050633
0 0.22719594594594597 0.7069620253164557 0.045608108108108114 0.07468354430379746
0 0.27280405405405406 0.7082278481012658 0.045608108108108114 0.07468354430379746
0 0.3150337837837838 0.7031645569620253 0.03885135135135136 0.07468354430379746
0 0.35726351351351354 0.7018987341772152 0.03885135135135136 0.07468354430379746
0 0.39949324324324326 0.689873417721519 0.03885135135135136 0.0810126582278481
0 0.44341216216216217 0.689873417721519 0.04222972972972973 0.08354430379746836
0 0.4873310810810811 0.689873417721519 0.04222972972972973 0.08354430379746836
0 0.5278716216216216 0.689873417721519 0.04222972972972973 0.08354430379746836
0 0.5717905405405406 0.6873417721518987 0.04222972972972973 0.08354430379746836
0 0.6157094594594595 0.6848101265822785 0.04222972972972973 0.08354430379746836
0 0.6596283783783784 0.6860759493670886 0.04222972972972973 0.08354430379746836
0 0.7069256756756758 0.6848101265822785 0.04222972972972973 0.08354430379746836
0 0.7052364864864865 0.7651898734177215 0.03885135135135136 0.06962025316455696
0 0.6646959459459459 0.7639240506329114 0.03885135135135136 0.06962025316455696
0 0.6173986486486487 0.7639240506329114 0.03885135135135136 0.06962025316455696
0 0.5734797297297297 0.7677215189873418 0.03885135135135136 0.06962025316455696
0 0.5295608108108109 0.7651898734177215 0.03885135135135136 0.06962025316455696
0 0.4890202702702703 0.7639240506329114 0.03885135135135136 0.06962025316455696
0 0.44510135135135137 0.7639240506329114 0.03885135135135136 0.06962025316455696
2 0.7483108108108109 0.7537974683544304 0.037162162162162164 0.089873417721519
2 0.7871621621621622 0.7550632911392405 0.037162162162162164 0.089873417721519
2 0.8268581081081081 0.7544303797468355 0.04222972972972973 0.09367088607594937
