1 0.3385416666666667 0.31796875 0.07916666666666666 0.13593750000000002
1 0.42083333333333334 0.31796875 0.07916666666666666 0.13593750000000002
1 0.4979166666666667 0.31640625 0.07916666666666666 0.13593750000000002
0 0.5729166666666666 0.3125 0.07708333333333334 0.13593750000000002
0 0.6489583333333333 0.31328125 0.07708333333333334 0.13593750000000002
0 0.7322916666666667 0.3171875 0.07708333333333334 0.13593750000000002
0 0.3765625 0.7039062500000001 0.06979166666666667 0.0859375
0 0.4395833333333333 0.704296875 0.058333333333333334 0.08671875000000001
0 0.5020833333333333 0.698828125 0.058333333333333334 0.08671875000000001
0 0.5635416666666666 0.697265625 0.058333333333333334 0.08671875000000001
0 0.6322916666666667 0.6980468750000001 0.058333333333333334 0.08671875000000001
0 0.6958333333333333 0.700390625 0.058333333333333334 0.08671875000000001
3 0.35104166666666664 0.52890625 0.07708333333333334 0.11093750000000001
3 0.428125 0.52734375 0.07708333333333334 0.11093750000000001
3 0.5026041666666666 0.52578125 0.06979166666666667 0.1125
3 0.5723958333333333 0.5242187500000001 0.06979166666666667 0.1125
3 0.6421875 0.5242187500000001 0.06979166666666667 0.1125
3 0.7151041666666667 0.52265625 0.06979166666666667 0.1125
2 0.38697916666666665 0.8375 0.05520833333333333 0.09531250000000001
2 0.44427083333333334 0.8375 0.05520833333333333 0.09531250000000001
2 0.5036458333333333 0.83515625 0.05520833333333333 0.09531250000000001
2 0.5651041666666666 0.8375 0.05520833333333333 0.09531250000000001
2 0.6203125 0.83359375 0.05520833333333333 0.09531250000000001
2 0.6817708333333333 0.83203125 0.05520833333333333 0.09531250000000001
