0 0.378125 0.40234375 0.016666666666666666 0.0390625
0 0.3963541666666667 0.40273437500000003 0.021875 0.04296875
0 0.4203125 0.40546875000000004 0.02395833333333333 0.043750000000000004
0 0.4453125 0.40625 0.02395833333333333 0.043750000000000004
0 0.4692708333333333 0.40546875000000004 0.02395833333333333 0.043750000000000004
0 0.48802083333333335 0.404296875 0.017708333333333333 0.04296875
0 0.3619791666666667 0.48476562500000003 0.017708333333333333 0.04296875
0 0.3796875 0.48867187500000003 0.017708333333333333 0.04296875
0 0.39947916666666666 0.4890625 0.021875 0.043750000000000004
0 0.421875 0.48984375 0.020833333333333332 0.0421875
0 0.4458333333333333 0.48945312500000004 0.022916666666666665 0.041406250000000006
0 0.4692708333333333 0.48867187500000003 0.021875 0.041406250000000006
0 0.4901041666666667 0.48945312500000004 0.021875 0.039843750000000004
3 0.3067708333333333 0.37539062500000003 0.02395833333333333 0.04296875
3 0.35052083333333334 0.37539062500000003 0.021875 0.039843750000000004
3 0.30364583333333334 0.43867187500000004 0.021875 0.039843750000000004
3 0.325 0.4375 0.01875 0.0390625
3 0.3026041666666667 0.500390625 0.021875 0.03828125
3 0.3255208333333333 0.498828125 0.021875 0.03828125
3 0.2661458333333333 0.563671875 0.026041666666666668 0.04296875
3 0.2911458333333333 0.5640625 0.02395833333333333 0.045312500000000006
3 0.3140625 0.560546875 0.021875 0.04453125
3 0.3385416666666667 0.5593750000000001 0.025 0.0421875
3 0.40729166666666666 0.558984375 0.025 0.041406250000000006
2 0.2734375 0.628125 0.028125 0.06406250000000001
2 0.3911458333333333 0.6199218750000001 0.019791666666666666 0.06015625
2 0.4109375 0.618359375 0.019791666666666666 0.06015625
2 0.43072916666666666 0.615234375 0.019791666666666666 0.06015625
2 0.45260416666666664 0.614453125 0.019791666666666666 0.06015625
2 0.4734375 0.612890625 0.019791666666666666 0.06015625
2 0.4921875 0.610546875 0.019791666666666666 0.06015625
2 0.5119791666666667 0.6097656250000001 0.019791666666666666 0.06015625
2 0.5328125 0.608984375 0.019791666666666666 0.06015625
2 0.5734375 0.601171875 0.015625 0.05859375
2 0.5546875 0.606640625 0.019791666666666666 0.06015625
2 0.5911458333333334 0.6003906250000001 0.015625 0.05859375
2 0.6088541666666667 0.601171875 0.015625 0.05859375
2 0.6265625 0.599609375 0.017708333333333333 0.057031250000000006
2 0.6453125 0.597265625 0.017708333333333333 0.057031250000000006
2 0.6651041666666666 0.5964843750000001 0.017708333333333333 0.057031250000000006
2 0.6807291666666666 0.594140625 0.017708333333333333 0.057031250000000006
2 0.6994791666666667 0.594921875 0.017708333333333333 0.057031250000000006
2 0.7171875 0.5925781250000001 0.017708333333333333 0.057031250000000006
2 0.7359375 0.591796875 0.017708333333333333 0.057031250000000006
2 0.2453125 0.63046875 0.028125 0.06406250000000001
2 0.21614583333333334 0.61328125 0.019791666666666666 0.0703125
3 0.5401041666666666 0.548046875 0.021875 0.03828125
3 0.5588541666666667 0.5453125 0.017708333333333333 0.037500000000000006
3 0.6161458333333333 0.54296875 0.017708333333333333 0.037500000000000006
3 0.5765625 0.54140625 0.017708333333333333 0.037500000000000006
3 0.5963541666666666 0.540625 0.017708333333333333 0.037500000000000006
3 0.6359375 0.540625 0.017708333333333333 0.037500000000000006
