1 0.296 0.25466666666666665 0.028 0.104
1 0.3275 0.2533333333333333 0.033 0.10133333333333333
1 0.28250000000000003 0.448 0.025 0.104
1 0.31 0.44866666666666666 0.03 0.10533333333333333
1 0.3415 0.4533333333333333 0.035 0.104
1 0.373 0.45399999999999996 0.032 0.10533333333333333
1 0.4035 0.4493333333333333 0.031 0.104
1 0.431 0.4373333333333333 0.028 0.09866666666666667
0 0.47350000000000003 0.19066666666666665 0.031 0.10666666666666666
0 0.5055000000000001 0.188 0.031 0.10666666666666666
0 0.5385 0.18533333333333332 0.031 0.10666666666666666
0 0.5395 0.28933333333333333 0.031 0.10666666666666666
0 0.5055000000000001 0.2853333333333333 0.031 0.10666666666666666
0 0.47550000000000003 0.288 0.031 0.10666666666666666
0 0.47850000000000004 0.388 0.031 0.10666666666666666
0 0.5115000000000001 0.38666666666666666 0.031 0.10666666666666666
0 0.5405 0.3853333333333333 0.031 0.10666666666666666
1 0.589 0.21666666666666665 0.034 0.11866666666666666
1 0.623 0.214 0.034 0.11866666666666666
1 0.656 0.214 0.034 0.11866666666666666
1 0.6910000000000001 0.214 0.034 0.11866666666666666
3 0.581 0.38066666666666665 0.034 0.11599999999999999
3 0.612 0.38066666666666665 0.034 0.11599999999999999
3 0.647 0.378 0.034 0.11599999999999999
3 0.681 0.374 0.034 0.11599999999999999
3 0.481 0.48333333333333334 0.03 0.09466666666666666
3 0.511 0.48066666666666663 0.03 0.09466666666666666
3 0.541 0.48466666666666663 0.03 0.09466666666666666
3 0.35150000000000003 0.6606666666666666 0.037 0.124
3 0.3885 0.6593333333333333 0.037 0.124
3 0.4275 0.6553333333333333 0.037 0.124
3 0.4615 0.6553333333333333 0.037 0.124
3 0.4955 0.6546666666666666 0.029 0.12
3 0.5305 0.656 0.029 0.12
3 0.5670000000000001 0.6593333333333333 0.032 0.12666666666666665
3 0.602 0.6646666666666666 0.032 0.12666666666666665
3 0.641 0.6593333333333333 0.032 0.12666666666666665
3 0.683 0.662 0.034 0.12933333333333333
3 0.718 0.6606666666666666 0.034 0.12933333333333333
3 0.755 0.6673333333333333 0.034 0.12933333333333333
3 0.7935 0.6606666666666666 0.039 0.12666666666666665
3 0.7905 0.7713333333333333 0.041 0.08933333333333333
3 0.7505000000000001 0.774 0.041 0.08933333333333333
3 0.7145 0.7713333333333333 0.041 0.08933333333333333
3 0.677 0.7713333333333333 0.034 0.08933333333333333
3 0.643 0.7713333333333333 0.034 0.08933333333333333
3 0.606 0.7633333333333333 0.034 0.08933333333333333
3 0.5680000000000001 0.7633333333333333 0.034 0.08933333333333333
3 0.533 0.7673333333333333 0.034 0.08933333333333333
3 0.5 0.7593333333333333 0.034 0.08933333333333333
3 0.461 0.766 0.034 0.08933333333333333
3 0.429 0.7606666666666666 0.034 0.08933333333333333
3 0.393 0.7566666666666666 0.034 0.08933333333333333
3 0.358 0.7673333333333333 0.034 0.08933333333333333
0 0.139 0.6633333333333333 0.04 0.108
0 0.2475 0.6673333333333333 0.037 0.10533333333333333
3 0.363 0.25666666666666665 0.034 0.11066666666666666
3 0.398 0.2513333333333333 0.034 0.11066666666666666
3 0.43 0.2513333333333333 0.034 0.11066666666666666
0 0.721 0.4666666666666667 0.028 0.088
