3 0.22343749999999998 0.31855468750000004 0.057291666666666664 0.131640625
3 0.2817708333333333 0.32851562500000003 0.059375 0.13359375
3 0.34791666666666665 0.3423828125 0.06979166666666667 0.139453125
3 0.4192708333333333 0.35878906250000003 0.06979166666666667 0.139453125
3 0.49635416666666665 0.37050781250000003 0.0875 0.135546875
3 0.24791666666666667 0.5169921875 0.059375 0.09335937500000001
3 0.30390625 0.5388671875000001 0.049479166666666664 0.098828125
3 0.35911458333333335 0.55859375 0.06197916666666667 0.10859375
3 0.41796875 0.578125 0.05364583333333333 0.109375
1 0.48333333333333334 0.584375 0.07083333333333333 0.09062500000000001
0 0.265625 0.6724609375 0.04583333333333333 0.079296875
0 0.3125 0.6876953125 0.04583333333333333 0.079296875
0 0.3625 0.7083984375000001 0.04583333333333333 0.079296875
0 0.4127604166666667 0.728125 0.050520833333333334 0.08359375000000001
0 0.4739583333333333 0.743359375 0.06458333333333333 0.07734375
2 0.26328125 0.7765625 0.049479166666666664 0.06875
2 0.3091145833333333 0.80078125 0.04114583333333333 0.07265625
2 0.35390625 0.8191406250000001 0.04739583333333333 0.07890625000000001
2 0.40182291666666664 0.83984375 0.04739583333333333 0.07890625000000001
2 0.46015625 0.8621093750000001 0.059895833333333336 0.08046875
