0 0.31666666666666665 0.255859375 0.08125 0.13515625
0 0.3958333333333333 0.258984375 0.08125 0.13515625
0 0.47552083333333334 0.259375 0.08229166666666667 0.1390625
1 0.5536458333333333 0.26210937500000003 0.07395833333333333 0.13359375
1 0.63125 0.26328125 0.07708333333333334 0.1375
2 0.31927083333333334 0.48046875 0.07604166666666666 0.1765625
2 0.39947916666666666 0.48046875 0.07604166666666666 0.1765625
2 0.4713541666666667 0.48046875 0.07604166666666666 0.1765625
2 0.5411458333333333 0.48046875 0.07604166666666666 0.1765625
2 0.6151041666666667 0.47890625000000003 0.07604166666666666 0.1765625
2 0.32135416666666666 0.7136718750000001 0.07604166666666666 0.16328125000000002
2 0.3932291666666667 0.7136718750000001 0.07604166666666666 0.16328125000000002
2 0.46822916666666664 0.710546875 0.07604166666666666 0.16328125000000002
2 0.5421875 0.708984375 0.07604166666666666 0.16328125000000002
2 0.6140625 0.7074218750000001 0.07604166666666666 0.16328125000000002
2 0.328125 0.9183593750000001 0.06875 0.14609375
2 0.4666666666666667 0.912109375 0.06875 0.14609375
2 0.3958333333333333 0.911328125 0.06875 0.14609375
2 0.5333333333333333 0.9066406250000001 0.06875 0.14609375
2 0.53125 0.9050781250000001 0.06875 0.14609375
