3 0.5088541666666666 0.3181640625 0.07916666666666666 0.16757812500000002
3 0.5986979166666666 0.32929687500000004 0.09635416666666667 0.1640625
1 0.7640625 0.3337890625 0.10833333333333334 0.152734375
0 0.5276041666666667 0.507421875 0.08958333333333333 0.13125
0 0.6075520833333333 0.51953125 0.1046875 0.13046875
0 0.6770833333333334 0.5158203125 0.07604166666666666 0.136328125
2 0.40520833333333334 0.7552734375000001 0.05520833333333333 0.128515625
2 0.459375 0.7619140625 0.05520833333333333 0.128515625
2 0.5140625 0.7974609375 0.05520833333333333 0.128515625
2 0.5786458333333333 0.7982421875000001 0.05520833333333333 0.128515625
2 0.6328125 0.7771484375000001 0.05520833333333333 0.128515625
1 0.8322916666666667 0.32265625000000003 0.06354166666666666 0.13515625
1 0.6703125 0.314453125 0.07083333333333333 0.15781250000000002
0 0.7380208333333333 0.49824218750000004 0.06458333333333333 0.10898437500000001
