1 0.19114583333333332 0.35546875 0.12604166666666666 0.1609375
1 0.2984375 0.353125 0.09270833333333334 0.15937500000000002
1 0.4010416666666667 0.353125 0.10625 0.171875
1 0.496875 0.35585937500000003 0.1 0.17421875
1 0.6 0.353125 0.09791666666666667 0.171875
1 0.7 0.353125 0.09791666666666667 0.1625
2 0.34375 0.571875 0.09583333333333333 0.140625
2 0.42916666666666664 0.5750000000000001 0.08333333333333333 0.153125
2 0.5145833333333333 0.5703125 0.0875 0.15625
2 0.6015625 0.57421875 0.078125 0.17343750000000002
2 0.6864583333333333 0.5750000000000001 0.07916666666666666 0.15625
2 0.2526041666666667 0.569921875 0.08229166666666667 0.12734375
2 0.2984375 0.7425781250000001 0.084375 0.09921875000000001
2 0.3833333333333333 0.7464843750000001 0.07291666666666667 0.11015625000000001
2 0.44947916666666665 0.739453125 0.084375 0.10546875
2 0.5291666666666667 0.7425781250000001 0.08333333333333333 0.10546875
2 0.6015625 0.73984375 0.07395833333333333 0.096875
2 0.6713541666666667 0.743359375 0.06979166666666667 0.10703125000000001
