0 0.3299479166666667 0.2853515625 0.08072916666666667 0.138671875
0 0.41796875 0.2853515625 0.08072916666666667 0.138671875
0 0.5065104166666666 0.2873046875 0.0796875 0.141015625
0 0.58671875 0.2880859375 0.0796875 0.141015625
0 0.6731770833333334 0.2888671875 0.0796875 0.141015625
1 0.3416666666666667 0.5396484375 0.07604166666666666 0.119140625
1 0.4223958333333333 0.5373046875 0.07604166666666666 0.119140625
1 0.503125 0.5380859375 0.07604166666666666 0.119140625
3 0.5734375 0.5396484375 0.07604166666666666 0.119140625
3 0.653125 0.5396484375 0.07604166666666666 0.119140625
3 0.3481770833333333 0.748046875 0.0671875 0.115625
3 0.41953124999999997 0.7464843750000001 0.0671875 0.115625
3 0.50390625 0.7464843750000001 0.0671875 0.115625
3 0.5763020833333333 0.748046875 0.0671875 0.115625
3 0.6419270833333334 0.748046875 0.0671875 0.115625
2 0.35651041666666666 0.9232421875000001 0.0671875 0.123046875
2 0.42578125 0.9240234375 0.0671875 0.123046875
2 0.4908854166666667 0.9240234375 0.0671875 0.123046875
2 0.5575520833333333 0.9232421875000001 0.0671875 0.123046875
2 0.6309895833333333 0.9240234375 0.0671875 0.123046875
