3 0.3729166666666667 0.4080078125 0.07083333333333333 0.119140625
3 0.44635416666666666 0.40839843750000004 0.07083333333333333 0.119140625
3 0.521875 0.4099609375 0.07083333333333333 0.119140625
3 0.5927083333333333 0.41152343750000003 0.07083333333333333 0.119140625
3 0.6671875 0.4111328125 0.07083333333333333 0.119140625
3 0.6502604166666667 0.6060546875 0.06302083333333333 0.091015625
3 0.58359375 0.6037109375 0.06302083333333333 0.091015625
1 0.3875 0.6019531250000001 0.057291666666666664 0.084375
1 0.44635416666666666 0.603515625 0.057291666666666664 0.084375
1 0.51875 0.602734375 0.057291666666666664 0.084375
0 0.4 0.7509765625 0.05416666666666667 0.070703125
0 0.4552083333333333 0.7529296875 0.05416666666666667 0.070703125
0 0.5125 0.7537109375000001 0.05416666666666667 0.070703125
0 0.57265625 0.7537109375000001 0.05677083333333333 0.075390625
0 0.6346354166666667 0.7544921875 0.05677083333333333 0.075390625
2 0.4015625 0.8634765625 0.06041666666666667 0.050390625
2 0.4614583333333333 0.8701171875 0.05416666666666667 0.074609375
2 0.5158854166666667 0.8697265625 0.0515625 0.075390625
2 0.5690104166666666 0.8705078125000001 0.0515625 0.075390625
2 0.6286458333333333 0.872265625 0.059375 0.07500000000000001
