3 0.35546875 0.3642578125 0.0328125 0.064453125
3 0.3872395833333333 0.3638671875 0.0328125 0.064453125
3 0.4184895833333333 0.3642578125 0.0328125 0.064453125
3 0.31927083333333334 0.453125 0.03333333333333333 0.060937500000000006
3 0.3502604166666667 0.4521484375 0.0296875 0.059765625
3 0.38046875 0.4521484375 0.0296875 0.059765625
3 0.41015625 0.4478515625 0.0296875 0.059765625
3 0.3015625 0.6121093750000001 0.03333333333333333 0.06953125
3 0.3359375 0.611328125 0.03333333333333333 0.06953125
3 0.37083333333333335 0.6101562500000001 0.03333333333333333 0.06953125
3 0.40520833333333334 0.611328125 0.03333333333333333 0.06953125
3 0.43906249999999997 0.60546875 0.03333333333333333 0.06953125
3 0.4700520833333333 0.6019531250000001 0.0296875 0.06875
1 0.5388020833333333 0.3828125 0.024479166666666666 0.0546875
1 0.5671875 0.38710937500000003 0.03125 0.05390625
1 0.5979166666666667 0.38789062500000004 0.029166666666666667 0.05390625
1 0.6270833333333333 0.390234375 0.029166666666666667 0.05390625
1 0.6536458333333334 0.38691406250000004 0.025 0.054296875
0 0.5270833333333333 0.48125 0.022916666666666665 0.0546875
0 0.5513020833333333 0.48652343750000004 0.024479166666666666 0.051953125
0 0.5786458333333333 0.49062500000000003 0.027083333333333334 0.05390625
0 0.6088541666666667 0.491796875 0.030208333333333334 0.05390625
0 0.6385416666666667 0.49296875 0.030208333333333334 0.05390625
0 0.6645833333333333 0.4892578125 0.026041666666666668 0.051953125
0 0.6877604166666667 0.48574218750000003 0.022395833333333334 0.049609375000000004
0 0.5059895833333333 0.6179687500000001 0.0328125 0.0578125
0 0.5393229166666667 0.61640625 0.0328125 0.0578125
0 0.5703125 0.6134765625 0.030208333333333334 0.057421875000000004
0 0.6 0.6111328125000001 0.030208333333333334 0.057421875000000004
0 0.6302083333333334 0.6083984375 0.030208333333333334 0.057421875000000004
0 0.659375 0.6076171875 0.030208333333333334 0.057421875000000004
1 0.6888020833333334 0.6072265625000001 0.030729166666666665 0.055859375
1 0.71796875 0.6044921875 0.030729166666666665 0.055859375
1 0.7471354166666666 0.6015625 0.027604166666666666 0.05390625
1 0.7721354166666666 0.5982421875 0.024479166666666666 0.053515625000000004
0 0.5005208333333333 0.6716796875000001 0.028125 0.048828125
0 0.53125 0.6697265625000001 0.028125 0.048828125
0 0.5614583333333333 0.6666015625 0.028125 0.048828125
0 0.5895833333333333 0.6650390625 0.028125 0.048828125
0 0.6208333333333333 0.6638671875000001 0.028125 0.048828125
0 0.6510416666666666 0.6615234375000001 0.028125 0.048828125
1 0.67890625 0.6591796875 0.027604166666666666 0.048828125
