0 0.3067708333333333 0.28125 0.08229166666666667 0.13515625
0 0.38515625 0.2869140625 0.0734375 0.141015625
0 0.45208333333333334 0.29609375 0.06145833333333333 0.1453125
0 0.5265625 0.3025390625 0.08020833333333333 0.15195312500000002
0 0.6143229166666666 0.31015625 0.0953125 0.1609375
0 0.7122395833333334 0.3140625 0.0953125 0.1609375
1 0.32916666666666666 0.507421875 0.059375 0.11328125
1 0.39453125 0.5244140625 0.0703125 0.117578125
1 0.4669270833333333 0.5369140625000001 0.0703125 0.117578125
1 0.5395833333333333 0.55625 0.075 0.1203125
1 0.6171875 0.571875 0.07708333333333334 0.1203125
1 0.6989583333333333 0.58984375 0.08333333333333333 0.11796875000000001
2 0.3450520833333333 0.6751953125000001 0.0609375 0.13398437500000002
2 0.4075520833333333 0.6896484375 0.0609375 0.13398437500000002
2 0.47265625 0.7080078125 0.0609375 0.13398437500000002
2 0.5372395833333333 0.7244140625000001 0.0609375 0.13398437500000002
2 0.6033854166666667 0.7455078125000001 0.0609375 0.13398437500000002
2 0.6799479166666667 0.774609375 0.08072916666666667 0.1390625
2 0.3653645833333333 0.8328125000000001 0.06510416666666667 0.08046875
2 0.421875 0.845703125 0.053125 0.08281250000000001
2 0.47604166666666664 0.8595703125 0.05416666666666667 0.08554687500000001
2 0.534375 0.8835937500000001 0.059375 0.0890625
2 0.596875 0.912109375 0.059375 0.0890625
2 0.6684895833333333 0.9421875000000001 0.0703125 0.09765625
