3 0.38515625 0.42128906250000003 0.030729166666666665 0.082421875
3 0.41822916666666665 0.42910156250000003 0.03229166666666666 0.09257812500000001
3 0.4596354166666667 0.43359375 0.04635416666666667 0.08984375
3 0.5109375 0.43476562500000004 0.051041666666666666 0.0859375
3 0.5609375 0.431640625 0.051041666666666666 0.0859375
3 0.42343749999999997 0.6423828125000001 0.03854166666666667 0.083203125
0 0.37838541666666664 0.5306640625 0.033854166666666664 0.079296875
0 0.41510416666666666 0.5447265625000001 0.040625 0.08476562500000001
0 0.46015625 0.5537109375 0.0453125 0.079296875
0 0.5088541666666666 0.5513671875 0.046875 0.079296875
0 0.5674479166666666 0.548046875 0.044270833333333336 0.07265625
1 0.45625 0.6566406250000001 0.04583333333333333 0.0703125
1 0.5026041666666666 0.6531250000000001 0.04583333333333333 0.0703125
1 0.5494791666666666 0.6488281250000001 0.04583333333333333 0.0703125
2 0.4080729166666667 0.7587890625 0.033854166666666664 0.10039062500000001
2 0.44687499999999997 0.7757812500000001 0.040625 0.10312500000000001
2 0.49140625 0.774609375 0.0453125 0.09921875000000001
2 0.53671875 0.77109375 0.043229166666666666 0.096875
2 0.5763020833333333 0.7626953125 0.03697916666666667 0.101953125
1 0.58203125 0.6416015625 0.033854166666666664 0.07695312500000001
3 0.39140625 0.6279296875 0.0296875 0.08164062500000001
2 0.38359375 0.7443359375 0.033854166666666664 0.10039062500000001
