0 0.12864583333333332 0.43085937500000004 0.07604166666666666 0.09765625
0 0.19947916666666665 0.43007812500000003 0.06979166666666667 0.10859375
0 0.2677083333333333 0.42265625 0.058333333333333334 0.096875
0 0.3307291666666667 0.42109375000000004 0.05520833333333333 0.10312500000000001
0 0.3880208333333333 0.41953125 0.059375 0.1
1 0.15572916666666667 0.6125 0.071875 0.09062500000000001
1 0.22239583333333332 0.6046875 0.05520833333333333 0.084375
1 0.2817708333333333 0.599609375 0.06770833333333333 0.08828125
1 0.3411458333333333 0.591796875 0.051041666666666666 0.09140625000000001
1 0.3911458333333333 0.584375 0.06145833333333333 0.0859375
0 0.18177083333333333 0.7679687500000001 0.06354166666666666 0.07968750000000001
0 0.24010416666666667 0.759375 0.06145833333333333 0.08750000000000001
3 0.2921875 0.74140625 0.059375 0.08125
3 0.34322916666666664 0.72578125 0.051041666666666666 0.09062500000000001
