3 0.4231770833333333 0.3572265625 0.0515625 0.103515625
3 0.47890625 0.366015625 0.05572916666666666 0.10390625
3 0.5372395833333333 0.369921875 0.05572916666666666 0.10390625
3 0.59375 0.3650390625 0.05416666666666667 0.10039062500000001
3 0.6450520833333333 0.36015625 0.04739583333333333 0.09609375
0 0.3924479166666667 0.4833984375 0.034895833333333334 0.087109375
0 0.43255208333333334 0.49355468750000003 0.044270833333333336 0.08867187500000001
0 0.47942708333333334 0.5044921875 0.0484375 0.091015625
0 0.53515625 0.509375 0.057812499999999996 0.08828125
0 0.5846354166666666 0.5 0.0421875 0.08750000000000001
0 0.628125 0.49238281250000004 0.042708333333333334 0.082421875
0 0.4153645833333333 0.6087890625000001 0.04635416666666667 0.091015625
0 0.4622395833333333 0.6169921875000001 0.04635416666666667 0.091015625
0 0.5130208333333334 0.6253906250000001 0.05416666666666667 0.08125
0 0.5604166666666667 0.6195312500000001 0.04479166666666667 0.0859375
0 0.6020833333333333 0.6072265625000001 0.040625 0.078515625
1 0.4083333333333333 0.7591796875000001 0.03958333333333333 0.07695312500000001
1 0.4510416666666667 0.7703125000000001 0.04375 0.08125
1 0.49765624999999997 0.7816406250000001 0.0515625 0.07734375
1 0.5442708333333334 0.7708984375000001 0.04479166666666667 0.07695312500000001
1 0.58359375 0.7587890625 0.03697916666666667 0.075390625
3 0.3888020833333333 0.349609375 0.03697916666666667 0.10312500000000001
0 0.6325520833333333 0.5962890625 0.030729166666666665 0.08554687500000001
