1 0.19322916666666667 0.2234375 0.08645833333333333 0.1453125
1 0.278125 0.22421875000000002 0.0875 0.14375000000000002
1 0.35572916666666665 0.22734375 0.08020833333333333 0.153125
2 0.4453125 0.18359375 0.08854166666666667 0.23125
2 0.5375 0.18046875 0.09166666666666666 0.23750000000000002
2 0.625 0.1796875 0.09583333333333333 0.23593750000000002
2 0.21875 0.45351562500000003 0.10416666666666667 0.20703125
2 0.2984375 0.455078125 0.08020833333333333 0.20390625
2 0.375 0.451171875 0.08541666666666667 0.21171875
2 0.4484375 0.45625000000000004 0.08645833333333333 0.209375
2 0.5375 0.4625 0.0875 0.215625
2 0.6182291666666666 0.46015625000000004 0.07395833333333333 0.2171875
2 0.203125 0.69453125 0.08958333333333333 0.1875
2 0.2984375 0.69921875 0.096875 0.18125000000000002
2 0.371875 0.703125 0.08333333333333333 0.1765625
2 0.4557291666666667 0.708984375 0.08020833333333333 0.19453125000000002
2 0.5270833333333333 0.705078125 0.075 0.18359375
2 0.6067708333333334 0.706640625 0.096875 0.18359375
2 0.21041666666666667 0.91953125 0.0875 0.15937500000000002
2 0.3026041666666667 0.9171875 0.08020833333333333 0.15156250000000002
2 0.3802083333333333 0.92109375 0.08333333333333333 0.153125
2 0.44895833333333335 0.9234375 0.07083333333333333 0.15156250000000002
2 0.5213541666666667 0.92578125 0.08854166666666667 0.146875
2 0.60625 0.9304687500000001 0.09166666666666666 0.1375
