1 0.24557291666666667 0.38691406250000004 0.05572916666666666 0.114453125
1 0.3059895833333333 0.39667968750000004 0.05572916666666666 0.114453125
1 0.3684895833333333 0.39453125 0.06197916666666667 0.12187500000000001
0 0.4354166666666667 0.40253906250000004 0.06875 0.128515625
0 0.5041666666666667 0.4060546875 0.06875 0.128515625
0 0.2760416666666667 0.583984375 0.042708333333333334 0.10078125
0 0.3325520833333333 0.5912109375 0.059895833333333336 0.106640625
0 0.3971354166666667 0.6005859375 0.059895833333333336 0.106640625
0 0.45598958333333334 0.6072265625000001 0.05364583333333333 0.101953125
0 0.51015625 0.6158203125 0.05364583333333333 0.101953125
0 0.3046875 0.7447265625 0.04583333333333333 0.083984375
0 0.3528645833333333 0.7544921875 0.049479166666666664 0.087109375
0 0.40859375 0.7677734375 0.049479166666666664 0.087109375
0 0.46588541666666666 0.7736328125 0.049479166666666664 0.087109375
0 0.5221354166666666 0.7841796875 0.049479166666666664 0.087109375
2 0.30963541666666666 0.8699218750000001 0.058854166666666666 0.09296875
2 0.36015625 0.8802734375000001 0.0515625 0.090234375
2 0.41171874999999997 0.8939453125000001 0.049479166666666664 0.095703125
2 0.46432291666666664 0.9029296875 0.049479166666666664 0.095703125
2 0.5299479166666666 0.915625 0.06510416666666667 0.08750000000000001
