0 0.1265625 0.428515625 0.046875 0.11484375000000001
0 0.17135416666666667 0.4384765625 0.042708333333333334 0.117578125
0 0.2171875 0.45156250000000003 0.046875 0.12265625000000001
0 0.2671875 0.465625 0.052083333333333336 0.13046875
0 0.3333333333333333 0.483203125 0.08125 0.11953125
0 0.3541666666666667 0.696875 0.08333333333333333 0.09921875000000001
1 0.15546875 0.6238281250000001 0.04114583333333333 0.10078125
1 0.19765625 0.63984375 0.04114583333333333 0.10078125
1 0.23984375 0.658203125 0.04114583333333333 0.10078125
1 0.28489583333333335 0.6771484375000001 0.05 0.10507812500000001
3 0.17239583333333333 0.7755859375 0.04479166666666667 0.08554687500000001
3 0.21380208333333334 0.7953125000000001 0.04114583333333333 0.09062500000000001
3 0.25234375 0.819921875 0.03802083333333333 0.09140625000000001
3 0.2908854166666667 0.841015625 0.0390625 0.09140625000000001
3 0.3494791666666667 0.8658203125 0.07604166666666666 0.105859375
