3 0.33567708333333335 0.41445312500000003 0.04010416666666666 0.07734375
3 0.37213541666666666 0.41738281250000003 0.03802083333333333 0.079296875
3 0.40859375 0.4228515625 0.03802083333333333 0.079296875
3 0.44557291666666665 0.4283203125 0.03802083333333333 0.079296875
3 0.48723958333333334 0.43574218750000004 0.03802083333333333 0.079296875
3 0.5333333333333333 0.44179687500000003 0.051041666666666666 0.08125
3 0.34088541666666666 0.5384765625 0.034895833333333334 0.059765625
3 0.37526041666666665 0.5439453125 0.034895833333333334 0.059765625
3 0.4106770833333333 0.5513671875 0.034895833333333334 0.059765625
3 0.44817708333333334 0.5517578125 0.034895833333333334 0.059765625
3 0.48463541666666665 0.5669921875 0.034895833333333334 0.059765625
3 0.5268229166666667 0.5732421875 0.04010416666666666 0.070703125
3 0.5190104166666667 0.6943359375 0.04010416666666666 0.070703125
3 0.5190104166666667 0.804296875 0.0421875 0.06406250000000001
3 0.34479166666666666 0.7490234375 0.02395833333333333 0.062890625
3 0.371875 0.75703125 0.03229166666666666 0.06406250000000001
3 0.40520833333333334 0.7697265625 0.03854166666666667 0.067578125
3 0.440625 0.7794921875 0.03229166666666666 0.063671875
3 0.4765625 0.7914062500000001 0.03854166666666667 0.06796875000000001
1 0.3502604166666667 0.6521484375000001 0.033854166666666664 0.058984375000000006
1 0.3807291666666667 0.661328125 0.03125 0.05859375
1 0.4114583333333333 0.66796875 0.03125 0.05859375
1 0.4453125 0.6775390625000001 0.034375 0.057421875000000004
1 0.48046875 0.687109375 0.034895833333333334 0.06171875
