0 0.48776041666666664 0.409765625 0.05572916666666666 0.0859375
0 0.5450520833333333 0.412890625 0.05572916666666666 0.0859375
0 0.5963541666666666 0.4109375 0.04583333333333333 0.0921875
0 0.4161458333333333 0.5310546875000001 0.05 0.087890625
0 0.5130208333333334 0.5388671875000001 0.05 0.087890625
0 0.5658854166666667 0.5400390625 0.0546875 0.082421875
1 0.4265625 0.6490234375 0.05 0.078515625
1 0.4796875 0.6501953125000001 0.05 0.078515625
1 0.5307291666666667 0.6513671875 0.05 0.078515625
1 0.5747395833333333 0.64609375 0.043229166666666666 0.08671875000000001
2 0.4109375 0.770703125 0.03854166666666667 0.11093750000000001
2 0.45468749999999997 0.7816406250000001 0.046875 0.10390625
2 0.5026041666666666 0.7810546875000001 0.04791666666666666 0.10820312500000001
2 0.553125 0.7833984375 0.04791666666666666 0.10820312500000001
0 0.42994791666666665 0.41054687500000003 0.05572916666666666 0.0859375
