0 0.48932291666666666 0.4009765625 0.0453125 0.090234375
0 0.5388020833333333 0.40742187500000004 0.05364583333333333 0.09062500000000001
0 0.5973958333333333 0.4140625 0.059375 0.09375
0 0.6552083333333333 0.412109375 0.059375 0.09375
0 0.7026041666666667 0.40664062500000003 0.04583333333333333 0.09453125000000001
0 0.51171875 0.528515625 0.04635416666666667 0.08359375000000001
0 0.5645833333333333 0.5353515625 0.052083333333333336 0.083203125
0 0.6151041666666667 0.5396484375 0.05625 0.08554687500000001
0 0.6640625 0.5322265625 0.04895833333333333 0.08476562500000001
0 0.70078125 0.5222656250000001 0.03697916666666667 0.08671875000000001
1 0.48463541666666665 0.62890625 0.0359375 0.08125
1 0.5252604166666667 0.6427734375 0.0453125 0.083203125
1 0.57421875 0.6525390625 0.049479166666666664 0.083203125
1 0.62421875 0.6529296875 0.0484375 0.07695312500000001
1 0.6674479166666667 0.637890625 0.0359375 0.08046875
2 0.48515625 0.75546875 0.0421875 0.11171875
3 0.5283854166666666 0.77890625 0.04114583333333333 0.08671875000000001
3 0.5700520833333333 0.7890625 0.04114583333333333 0.08671875000000001
3 0.6200520833333333 0.7894531250000001 0.0421875 0.08203125
3 0.65546875 0.7724609375 0.0328125 0.08164062500000001
3 0.6934895833333333 0.7601562500000001 0.03697916666666667 0.07890625000000001
0 0.7411458333333333 0.3982421875 0.046875 0.091015625
0 0.48359375 0.5162109375 0.04010416666666666 0.087109375
1 0.70078125 0.6275390625 0.04010416666666666 0.079296875
