3 0.35260416666666666 0.2234375 0.090625 0.1640625
3 0.4380208333333333 0.240234375 0.06145833333333333 0.14609375
0 0.5140625 0.2515625 0.07395833333333333 0.15625
0 0.5932291666666667 0.248828125 0.07395833333333333 0.14765625000000002
1 0.6692708333333334 0.25390625 0.07395833333333333 0.1703125
3 0.34479166666666666 0.49531250000000004 0.09791666666666667 0.14375000000000002
3 0.41875 0.483984375 0.07916666666666666 0.13359375
3 0.4953125 0.486328125 0.07395833333333333 0.13203125000000002
3 0.5734375 0.49062500000000003 0.065625 0.146875
3 0.6442708333333333 0.49453125000000003 0.065625 0.13593750000000002
3 0.328125 0.722265625 0.08541666666666667 0.11953125
3 0.4114583333333333 0.716796875 0.09791666666666667 0.13671875
3 0.4942708333333333 0.7136718750000001 0.08020833333333333 0.12109375
3 0.5578125 0.7152343750000001 0.059375 0.12421875
3 0.6192708333333333 0.708984375 0.071875 0.13046875
2 0.3380208333333333 0.917578125 0.06979166666666667 0.13046875
2 0.4161458333333333 0.911328125 0.06145833333333333 0.13046875
2 0.48333333333333334 0.905859375 0.06458333333333333 0.12578125
2 0.5442708333333334 0.903515625 0.057291666666666664 0.13046875
2 0.6171875 0.89453125 0.084375 0.13593750000000002
