1 0.278125 0.5421875 0.08333333333333333 0.1328125
1 0.35885416666666664 0.5421875 0.08229166666666667 0.1265625
3 0.42916666666666664 0.53125 0.07916666666666666 0.1328125
3 0.5067708333333333 0.53125 0.08020833333333333 0.1390625
3 0.575 0.5328125 0.08125 0.1453125
3 0.30052083333333335 0.7566406250000001 0.07604166666666666 0.11484375000000001
3 0.3651041666666667 0.759765625 0.06979166666666667 0.11171875
3 0.4270833333333333 0.763671875 0.07916666666666666 0.11328125
3 0.5109375 0.7542968750000001 0.071875 0.12265625000000001
3 0.5791666666666666 0.749609375 0.08125 0.13203125000000002
2 0.30625 0.92734375 0.0875 0.125
2 0.371875 0.9300781250000001 0.075 0.11640625
2 0.4473958333333333 0.934765625 0.08020833333333333 0.12890625
2 0.5901041666666667 0.937109375 0.07395833333333333 0.12421875
0 0.4166666666666667 0.283984375 0.09166666666666666 0.14453125
0 0.5125 0.283203125 0.0875 0.13984375000000002
0 0.5927083333333333 0.284375 0.075 0.15625
