3 0.37109375 0.33808593750000004 0.06822916666666666 0.128515625
3 0.4440104166666667 0.34003906250000004 0.06822916666666666 0.128515625
3 0.52421875 0.34394531250000004 0.06822916666666666 0.128515625
3 0.60546875 0.3462890625 0.06822916666666666 0.128515625
3 0.6817708333333333 0.35195312500000003 0.065625 0.13203125000000002
3 0.38125 0.5417968750000001 0.06145833333333333 0.09296875
3 0.45260416666666664 0.544921875 0.06145833333333333 0.09296875
3 0.5171875 0.55 0.06145833333333333 0.09296875
3 0.5901041666666667 0.552734375 0.06145833333333333 0.09296875
1 0.65703125 0.558984375 0.0640625 0.09296875
0 0.3953125 0.6943359375 0.05625 0.073046875
0 0.453125 0.6994140625 0.05625 0.073046875
0 0.5135416666666667 0.7041015625 0.05625 0.073046875
0 0.5729166666666666 0.7080078125 0.05625 0.073046875
0 0.6375 0.7126953125000001 0.05625 0.073046875
2 0.3966145833333333 0.81171875 0.0609375 0.07421875
2 0.45390625 0.8152343750000001 0.05364583333333333 0.07578125000000001
2 0.50859375 0.817578125 0.05364583333333333 0.07578125000000001
2 0.5669270833333333 0.8246093750000001 0.05364583333333333 0.07578125000000001
2 0.6231770833333333 0.830078125 0.05364583333333333 0.07578125000000001
