0 0.27291666666666664 0.39609375 0.0625 0.11093750000000001
0 0.3375 0.39453125 0.0625 0.109375
0 0.40625 0.39375000000000004 0.0625 0.109375
0 0.475 0.3921875 0.0625 0.109375
0 0.5427083333333333 0.39140625 0.0625 0.109375
0 0.2864583333333333 0.5847656250000001 0.058333333333333334 0.09296875
0 0.35104166666666664 0.580078125 0.058333333333333334 0.09296875
0 0.4125 0.579296875 0.058333333333333334 0.09296875
0 0.47812499999999997 0.577734375 0.058333333333333334 0.09296875
0 0.540625 0.578515625 0.058333333333333334 0.09296875
3 0.3020833333333333 0.74375 0.0625 0.0859375
3 0.36041666666666666 0.7406250000000001 0.0625 0.0859375
3 0.4171875 0.7390625000000001 0.057291666666666664 0.0859375
3 0.4739583333333333 0.73828125 0.05416666666666667 0.07968750000000001
3 0.5333333333333333 0.7375 0.05416666666666667 0.07968750000000001
2 0.3104166666666667 0.875 0.06041666666666667 0.08750000000000001
2 0.3645833333333333 0.8714843750000001 0.04791666666666666 0.08828125
2 0.41822916666666665 0.8699218750000001 0.051041666666666666 0.08828125
2 0.4744791666666667 0.868359375 0.051041666666666666 0.08828125
2 0.5244791666666666 0.865234375 0.051041666666666666 0.08828125
