0 0.3294270833333333 0.42324218750000003 0.021354166666666667 0.055859375
0 0.3536458333333333 0.42519531250000003 0.028125 0.055859375
0 0.3833333333333333 0.4263671875 0.029166666666666667 0.054296875
0 0.4140625 0.42578125 0.03125 0.05390625
0 0.4432291666666667 0.424609375 0.029166666666666667 0.053125000000000006
0 0.46875 0.421484375 0.02395833333333333 0.05078125
0 0.29921875 0.5294921875 0.019270833333333334 0.054296875
0 0.32109375 0.5345703125 0.0234375 0.057421875000000004
0 0.34765625 0.5376953125 0.0296875 0.055859375
0 0.37890625 0.5388671875000001 0.0296875 0.055859375
0 0.40963541666666664 0.5400390625 0.0296875 0.055859375
0 0.43984375 0.5373046875 0.0296875 0.055859375
0 0.4669270833333333 0.532421875 0.0265625 0.053125000000000006
3 0.5059895833333333 0.38105468750000004 0.025520833333333333 0.050390625
3 0.53359375 0.3826171875 0.025520833333333333 0.050390625
3 0.5010416666666666 0.453125 0.022916666666666665 0.047656250000000004
3 0.5263020833333333 0.4537109375 0.025520833333333333 0.048046875
3 0.2328125 0.5765625 0.026041666666666668 0.05390625
3 0.25677083333333334 0.5808593750000001 0.026041666666666668 0.05390625
3 0.2828125 0.58359375 0.026041666666666668 0.05390625
3 0.4953125 0.6042968750000001 0.026041666666666668 0.05390625
3 0.5247395833333334 0.6101562500000001 0.0296875 0.06015625
3 0.5559895833333334 0.6117187500000001 0.0296875 0.06015625
2 0.29713541666666665 0.65234375 0.0296875 0.07578125000000001
2 0.32526041666666666 0.6546875000000001 0.0296875 0.07578125000000001
2 0.35442708333333334 0.6578125 0.0296875 0.07578125000000001
2 0.38203125 0.6625000000000001 0.0296875 0.07578125000000001
2 0.41119791666666666 0.665234375 0.0296875 0.07578125000000001
2 0.44140625 0.6667968750000001 0.0296875 0.07578125000000001
2 0.4731770833333333 0.6703125000000001 0.0296875 0.07578125000000001
2 0.5033854166666667 0.67578125 0.0296875 0.07578125000000001
2 0.5341145833333333 0.6785156250000001 0.0296875 0.07578125000000001
2 0.5674479166666666 0.6822265625 0.028645833333333332 0.078515625
2 0.21171874999999998 0.6453125000000001 0.0296875 0.07578125000000001
1 0.6127604166666667 0.5671875000000001 0.022395833333333334 0.046875
