3 0.265625 0.201171875 0.016666666666666666 0.06171875
3 0.28125 0.20039062500000002 0.016666666666666666 0.06171875
3 0.29791666666666666 0.201953125 0.016666666666666666 0.06171875
3 0.3203125 0.203125 0.028125 0.06406250000000001
3 0.35052083333333334 0.20390625 0.028125 0.06406250000000001
3 0.37864583333333335 0.2015625 0.028125 0.06406250000000001
3 0.328125 0.300390625 0.03125 0.06015625
3 0.35833333333333334 0.296484375 0.027083333333333334 0.06015625
3 0.3307291666666667 0.38320312500000003 0.026041666666666668 0.05234375
3 0.35885416666666664 0.37929687500000003 0.026041666666666668 0.05234375
3 0.38385416666666666 0.373046875 0.026041666666666668 0.05234375
0 0.46249999999999997 0.24531250000000002 0.03333333333333333 0.06406250000000001
0 0.496875 0.24765625000000002 0.03333333333333333 0.06406250000000001
0 0.5333333333333333 0.24765625000000002 0.0375 0.065625
0 0.5697916666666667 0.244921875 0.03333333333333333 0.06484375
0 0.6041666666666666 0.24335937500000002 0.03333333333333333 0.06484375
0 0.44635416666666666 0.376953125 0.030208333333333334 0.06171875
0 0.47760416666666666 0.38007812500000004 0.030208333333333334 0.06171875
0 0.5119791666666667 0.384765625 0.034375 0.06328125
0 0.5473958333333333 0.38671875 0.036458333333333336 0.0625
0 0.5848958333333333 0.384375 0.036458333333333336 0.0625
0 0.6166666666666667 0.380859375 0.027083333333333334 0.06484375
0 0.64375 0.3765625 0.029166666666666667 0.06406250000000001
0 0.10052083333333334 0.41484375 0.019791666666666666 0.05
0 0.1203125 0.4234375 0.019791666666666666 0.05
0 0.15104166666666666 0.444140625 0.020833333333333332 0.055468750000000004
3 0.23385416666666667 0.47695312500000003 0.02395833333333333 0.06484375
3 0.34739583333333335 0.526953125 0.036458333333333336 0.06640625
3 0.378125 0.51953125 0.03125 0.065625
3 0.41041666666666665 0.5144531250000001 0.03333333333333333 0.06953125
3 0.4453125 0.5078125 0.036458333333333336 0.06875
3 0.4817708333333333 0.503125 0.036458333333333336 0.06875
3 0.5333333333333333 0.4921875 0.03333333333333333 0.0671875
2 0.2916666666666667 0.6218750000000001 0.0375 0.1046875
2 0.3572916666666667 0.6746093750000001 0.041666666666666664 0.10390625
2 0.3953125 0.6644531250000001 0.036458333333333336 0.10390625
2 0.46249999999999997 0.6429687500000001 0.035416666666666666 0.096875
2 0.496875 0.6316406250000001 0.03333333333333333 0.09609375
2 0.5260416666666666 0.61640625 0.027083333333333334 0.09375
2 0.5541666666666667 0.6101562500000001 0.027083333333333334 0.0921875
2 0.5828125 0.6023437500000001 0.028125 0.09062500000000001
2 0.6098958333333333 0.5945312500000001 0.028125 0.09062500000000001
2 0.6369791666666667 0.58515625 0.028125 0.09062500000000001
2 0.6619791666666667 0.5750000000000001 0.028125 0.09062500000000001
2 0.6864583333333333 0.5671875000000001 0.022916666666666665 0.09062500000000001
2 0.709375 0.5609375 0.022916666666666665 0.09062500000000001
2 0.7333333333333333 0.5546875 0.022916666666666665 0.09062500000000001
2 0.7572916666666667 0.5476562500000001 0.022916666666666665 0.09062500000000001
2 0.778125 0.5417968750000001 0.01875 0.08515625
2 0.7984375 0.5328125 0.021875 0.084375
2 0.9026041666666667 0.49921875000000004 0.030208333333333334 0.0734375
3 0.6578125 0.444140625 0.019791666666666666 0.05390625
3 0.6848958333333334 0.44648437500000004 0.030208333333333334 0.05390625
3 0.16302083333333334 0.5484375 0.026041666666666668 0.06875
