0 0.3416666666666667 0.49375 0.05 0.078125
0 0.3927083333333333 0.49609375 0.05 0.078125
0 0.4458333333333333 0.49843750000000003 0.05 0.08281250000000001
0 0.49583333333333335 0.503125 0.05 0.08281250000000001
0 0.5427083333333333 0.50625 0.05 0.08281250000000001
3 0.3546875 0.6410156250000001 0.046875 0.07265625
3 0.4015625 0.6410156250000001 0.046875 0.07265625
3 0.4484375 0.642578125 0.046875 0.07265625
3 0.36302083333333335 0.7605468750000001 0.04895833333333333 0.06640625
3 0.40781249999999997 0.7664062500000001 0.046875 0.06875
3 0.44947916666666665 0.7671875 0.046875 0.06875
3 0.4947916666666667 0.775 0.04583333333333333 0.0765625
3 0.5390625 0.775 0.046875 0.07187500000000001
2 0.3697916666666667 0.8699218750000001 0.041666666666666664 0.07578125000000001
2 0.4114583333333333 0.8738281250000001 0.041666666666666664 0.07578125000000001
2 0.45416666666666666 0.8777343750000001 0.041666666666666664 0.07578125000000001
2 0.4979166666666667 0.8816406250000001 0.041666666666666664 0.07578125000000001
2 0.5416666666666666 0.887890625 0.041666666666666664 0.07578125000000001
1 0.49895833333333334 0.6484375 0.04583333333333333 0.078125
1 0.5447916666666667 0.6492187500000001 0.04583333333333333 0.078125
