1 0.13489583333333333 0.40937500000000004 0.046875 0.0734375
1 0.17395833333333333 0.41640625000000003 0.03125 0.08125
1 0.20572916666666666 0.41796875 0.040625 0.08125
1 0.2453125 0.42421875000000003 0.046875 0.08750000000000001
1 0.30052083333333335 0.42109375000000004 0.046875 0.078125
1 0.3453125 0.41796875 0.051041666666666666 0.08125
1 0.13802083333333334 0.5234375 0.036458333333333336 0.07500000000000001
1 0.16666666666666666 0.53359375 0.029166666666666667 0.09843750000000001
1 0.20260416666666667 0.53515625 0.046875 0.0859375
1 0.2484375 0.53515625 0.057291666666666664 0.0765625
1 0.3046875 0.53515625 0.042708333333333334 0.0859375
1 0.3453125 0.5320312500000001 0.042708333333333334 0.0859375
0 0.20781249999999998 0.63984375 0.040625 0.084375
0 0.2557291666666667 0.636328125 0.05520833333333333 0.07109375
0 0.3015625 0.634375 0.04479166666666667 0.078125
0 0.3484375 0.63046875 0.04895833333333333 0.0859375
0 0.165625 0.7734375 0.03958333333333333 0.08125
0 0.19427083333333334 0.7894531250000001 0.021875 0.08828125
0 0.22447916666666667 0.78515625 0.05520833333333333 0.08281250000000001
0 0.26979166666666665 0.784375 0.05416666666666667 0.07187500000000001
0 0.31197916666666664 0.7820312500000001 0.03229166666666666 0.07968750000000001
0 0.3442708333333333 0.775 0.04479166666666667 0.09062500000000001
