0 0.43854166666666666 0.33710937500000004 0.06458333333333333 0.12109375
0 0.5041666666666667 0.34414062500000003 0.06458333333333333 0.12109375
0 0.5739583333333333 0.351171875 0.06458333333333333 0.12109375
0 0.64375 0.362109375 0.07083333333333333 0.13203125000000002
0 0.7239583333333334 0.373046875 0.07083333333333333 0.13203125000000002
1 0.42604166666666665 0.5417968750000001 0.05625 0.10078125
1 0.48125 0.548046875 0.05625 0.10078125
1 0.5395833333333333 0.566796875 0.06041666666666667 0.09765625
1 0.6036458333333333 0.5765625 0.06354166666666666 0.11093750000000001
1 0.6723958333333333 0.5906250000000001 0.06354166666666666 0.11093750000000001
3 0.4015625 0.70625 0.051041666666666666 0.096875
3 0.4515625 0.71640625 0.051041666666666666 0.096875
3 0.5046875 0.73359375 0.051041666666666666 0.096875
3 0.5677083333333334 0.75390625 0.06041666666666667 0.109375
3 0.6291666666666667 0.7703125000000001 0.06041666666666667 0.109375
2 0.3770833333333333 0.853125 0.05416666666666667 0.11093750000000001
2 0.4354166666666667 0.8679687500000001 0.05416666666666667 0.11093750000000001
2 0.4927083333333333 0.8890625000000001 0.05416666666666667 0.11093750000000001
2 0.5427083333333333 0.90390625 0.05416666666666667 0.11093750000000001
2 0.6 0.915625 0.05416666666666667 0.11093750000000001
