3 0.2981770833333333 0.43085937500000004 0.05572916666666666 0.10078125
3 0.35651041666666666 0.431640625 0.05572916666666666 0.10078125
3 0.41692708333333334 0.43203125000000003 0.05572916666666666 0.10078125
3 0.48046875 0.43398437500000003 0.05677083333333333 0.10390625
3 0.5403645833333334 0.43359375 0.05677083333333333 0.10390625
3 0.30234375 0.6119140625 0.05364583333333333 0.09726562500000001
3 0.35963541666666665 0.6095703125 0.05364583333333333 0.09726562500000001
3 0.4171875 0.6058593750000001 0.052083333333333336 0.08671875000000001
1 0.4752604166666667 0.6121093750000001 0.057812499999999996 0.08125
1 0.5341145833333333 0.6121093750000001 0.057812499999999996 0.08125
0 0.36276041666666664 0.76953125 0.05364583333333333 0.07421875
0 0.30234375 0.7718750000000001 0.05364583333333333 0.07421875
0 0.41744791666666664 0.766796875 0.05364583333333333 0.07421875
0 0.4700520833333333 0.7660156250000001 0.05364583333333333 0.07421875
0 0.5223958333333333 0.7642578125 0.04895833333333333 0.076171875
2 0.3106770833333333 0.8992187500000001 0.050520833333333334 0.08515625
2 0.36328125 0.8972656250000001 0.050520833333333334 0.08515625
2 0.41432291666666665 0.89453125 0.050520833333333334 0.08515625
2 0.46588541666666666 0.89453125 0.050520833333333334 0.08515625
2 0.51953125 0.89375 0.050520833333333334 0.08515625
