3 0.2101851851851852 0.4401041666666667 0.10555555555555556 0.11666666666666667
3 0.31574074074074077 0.44479166666666664 0.10555555555555556 0.11666666666666667
3 0.4199074074074074 0.4479166666666667 0.10277777777777779 0.11875
1 0.5259259259259259 0.4518229166666667 0.09444444444444444 0.11614583333333334
1 0.6375000000000001 0.45598958333333334 0.11018518518518519 0.1140625
3 0.2606481481481482 0.6268229166666667 0.08055555555555556 0.09114583333333333
3 0.34861111111111115 0.6302083333333334 0.08611111111111111 0.09166666666666666
3 0.43842592592592594 0.6359375 0.08611111111111111 0.09166666666666666
3 0.5328703703703704 0.6390625 0.08611111111111111 0.09166666666666666
3 0.6208333333333333 0.6432291666666666 0.08611111111111111 0.09166666666666666
0 0.2962962962962963 0.7703125 0.07222222222222223 0.06979166666666667
0 0.36944444444444446 0.7729166666666667 0.07222222222222223 0.06979166666666667
0 0.4444444444444445 0.7760416666666666 0.07222222222222223 0.06979166666666667
0 0.5268518518518519 0.7807291666666667 0.07222222222222223 0.06979166666666667
0 0.6046296296296296 0.7875 0.07222222222222223 0.06979166666666667
2 0.3143518518518519 0.8723958333333334 0.07314814814814816 0.0625
2 0.38657407407407407 0.8747395833333333 0.0712962962962963 0.06302083333333333
2 0.4569444444444445 0.8768229166666667 0.0712962962962963 0.06302083333333333
2 0.5263888888888889 0.88046875 0.0712962962962963 0.06302083333333333
2 0.5986111111111111 0.8846354166666667 0.0712962962962963 0.06302083333333333
