3 0.2596354166666667 0.3447265625 0.06614583333333333 0.137109375
3 0.3221354166666667 0.34785156250000004 0.059895833333333336 0.142578125
3 0.38984375 0.35390625000000003 0.0703125 0.14921875
3 0.4591145833333333 0.3591796875 0.06614583333333333 0.152734375
3 0.5380208333333333 0.36328125 0.09270833333333334 0.1546875
0 0.2916666666666667 0.5689453125 0.065625 0.10898437500000001
0 0.35390625 0.576171875 0.05677083333333333 0.10625000000000001
0 0.4127604166666667 0.5880859375 0.059895833333333336 0.10820312500000001
0 0.4734375 0.6003906250000001 0.058333333333333334 0.109375
0 0.54375 0.612890625 0.08125 0.11406250000000001
0 0.31666666666666665 0.739453125 0.05625 0.08671875000000001
0 0.37213541666666666 0.75546875 0.0546875 0.0859375
0 0.4283854166666667 0.7722656250000001 0.0515625 0.0890625
0 0.48151041666666666 0.7888671875000001 0.05364583333333333 0.091796875
3 0.5479166666666666 0.7996093750000001 0.07291666666666667 0.09921875000000001
2 0.3216145833333333 0.8703125 0.044270833333333336 0.08750000000000001
2 0.36666666666666664 0.8818359375 0.04583333333333333 0.083203125
2 0.4161458333333333 0.9005859375 0.05 0.08554687500000001
2 0.47213541666666664 0.925390625 0.0609375 0.0734375
2 0.53984375 0.9455078125 0.0734375 0.09335937500000001
