3 0.6114583333333333 0.41914062500000004 0.034375 0.0546875
3 0.6447916666666667 0.4177734375 0.03333333333333333 0.057421875000000004
3 0.678125 0.4185546875 0.03333333333333333 0.057421875000000004
0 0.7098958333333333 0.4208984375 0.03125 0.052734375
0 0.7416666666666667 0.42011718750000004 0.03125 0.052734375
2 0.60546875 0.5091796875 0.03177083333333333 0.06601562500000001
2 0.6403645833333333 0.5080078125 0.03177083333333333 0.06601562500000001
2 0.67109375 0.50703125 0.0265625 0.06640625
2 0.6994791666666667 0.50703125 0.026041666666666668 0.06484375
2 0.7299479166666667 0.5056640625000001 0.030729166666666665 0.066796875
2 0.6036458333333333 0.5990234375 0.03333333333333333 0.064453125
2 0.6364583333333333 0.5994140625000001 0.03125 0.064453125
2 0.665625 0.5984375000000001 0.027083333333333334 0.06328125
2 0.6942708333333333 0.5964843750000001 0.027083333333333334 0.06328125
2 0.7223958333333333 0.594921875 0.027083333333333334 0.06328125
2 0.5971354166666667 0.6826171875 0.028645833333333332 0.055859375
2 0.6283854166666667 0.6826171875 0.028645833333333332 0.055859375
2 0.6575520833333334 0.6814453125000001 0.028645833333333332 0.055859375
2 0.6861979166666666 0.6798828125 0.028645833333333332 0.055859375
2 0.7153645833333333 0.6798828125 0.028645833333333332 0.055859375
