0 0.5421875 0.3828125 0.053125 0.08281250000000001
0 0.6302083333333334 0.4109375 0.06458333333333333 0.08125
0 0.6885416666666666 0.41835937500000003 0.052083333333333336 0.07890625000000001
0 0.7354166666666666 0.423828125 0.04375 0.08046875
0 0.5442708333333334 0.5125000000000001 0.059375 0.078125
0 0.5984375 0.51953125 0.051041666666666666 0.0765625
0 0.6458333333333334 0.530859375 0.04583333333333333 0.07734375
0 0.6869791666666667 0.5281250000000001 0.036458333333333336 0.0734375
1 0.48593749999999997 0.601171875 0.034375 0.07890625000000001
1 0.5291666666666667 0.6203125 0.04375 0.08281250000000001
1 0.5770833333333333 0.6273437500000001 0.04375 0.08281250000000001
1 0.6208333333333333 0.6296875000000001 0.04375 0.08281250000000001
