0 0.25 0.34023437500000003 0.08958333333333333 0.13203125000000002
0 0.3385416666666667 0.34023437500000003 0.08958333333333333 0.13203125000000002
0 0.4302083333333333 0.33632812500000003 0.08958333333333333 0.13203125000000002
0 0.5125 0.338671875 0.07708333333333334 0.12890625
0 0.590625 0.338671875 0.07708333333333334 0.12890625
0 0.26510416666666664 0.570703125 0.071875 0.10703125000000001
0 0.34322916666666664 0.564453125 0.071875 0.10703125000000001
0 0.4203125 0.5613281250000001 0.071875 0.10703125000000001
0 0.49322916666666666 0.558203125 0.071875 0.10703125000000001
0 0.5651041666666666 0.5535156250000001 0.071875 0.10703125000000001
1 0.2791666666666667 0.75 0.06458333333333333 0.0859375
1 0.34375 0.7390625000000001 0.06458333333333333 0.0859375
1 0.40729166666666666 0.73359375 0.06458333333333333 0.0859375
1 0.48020833333333335 0.72578125 0.06458333333333333 0.0859375
1 0.5479166666666666 0.7203125 0.06458333333333333 0.0859375
2 0.28125 0.878125 0.06041666666666667 0.084375
2 0.34375 0.8703125 0.06041666666666667 0.084375
2 0.40520833333333334 0.86484375 0.06041666666666667 0.084375
2 0.4666666666666667 0.85859375 0.06041666666666667 0.084375
2 0.5291666666666667 0.84765625 0.06041666666666667 0.084375
