0 0.3848958333333333 0.415625 0.041666666666666664 0.07578125000000001
0 0.43255208333333334 0.4177734375 0.0421875 0.07695312500000001
0 0.48046875 0.4177734375 0.044270833333333336 0.075390625
1 0.53046875 0.42109375000000004 0.043229166666666666 0.07734375
1 0.5765625 0.4216796875 0.04583333333333333 0.07695312500000001
2 0.3885416666666667 0.5404296875 0.046875 0.09257812500000001
2 0.4354166666666667 0.5412109375 0.046875 0.09257812500000001
2 0.4822916666666667 0.5443359375 0.046875 0.09257812500000001
2 0.5286458333333334 0.5470703125 0.046875 0.09257812500000001
2 0.5755208333333334 0.5494140625 0.046875 0.09257812500000001
2 0.3971354166666667 0.6630859375 0.0390625 0.07773437500000001
2 0.4380208333333333 0.6662109375 0.03958333333333333 0.08164062500000001
2 0.4809895833333333 0.6708984375 0.0421875 0.08164062500000001
2 0.5239583333333333 0.6736328125000001 0.042708333333333334 0.080078125
2 0.5723958333333333 0.6779296875 0.04895833333333333 0.083203125
2 0.40781249999999997 0.7724609375 0.0375 0.070703125
2 0.44479166666666664 0.77734375 0.0375 0.0703125
2 0.484375 0.78125 0.0375 0.0703125
2 0.5239583333333333 0.784375 0.0375 0.0703125
2 0.571875 0.7888671875000001 0.04895833333333333 0.071484375
