1 0.3690104166666667 0.288671875 0.06614583333333333 0.125
1 0.4421875 0.294921875 0.07604166666666666 0.1234375
1 0.5166666666666666 0.29824218750000003 0.07395833333333333 0.122265625
1 0.590625 0.29921875000000003 0.06666666666666667 0.12734375
1 0.5330729166666667 0.45839843750000003 0.06302083333333333 0.11289062500000001
1 0.4627604166666667 0.45449218750000003 0.0671875 0.10507812500000001
1 0.3424479166666667 0.4353515625 0.04635416666666667 0.111328125
1 0.55390625 0.5814453125 0.05677083333333333 0.094140625
1 0.49166666666666664 0.5876953125000001 0.06666666666666667 0.087890625
1 0.42604166666666665 0.5837890625000001 0.06666666666666667 0.087890625
0 0.396875 0.44960937500000003 0.06041666666666667 0.10234375000000001
3 0.36432291666666666 0.5740234375000001 0.05572916666666666 0.10117187500000001
2 0.3690104166666667 0.720703125 0.0546875 0.11171875
2 0.4263020833333333 0.7253906250000001 0.0546875 0.11171875
2 0.49374999999999997 0.728515625 0.06458333333333333 0.11171875
1 0.64140625 0.28515625 0.057812499999999996 0.11640625
