0 0.54140625 0.45839843750000003 0.0828125 0.13789062500000002
0 0.6213541666666667 0.439453125 0.07708333333333334 0.14140625
0 0.6919270833333333 0.42714843750000003 0.06302083333333333 0.138671875
0 0.7497395833333333 0.4140625 0.05572916666666666 0.13203125000000002
3 0.5255208333333333 0.6902343750000001 0.096875 0.12421875
3 0.5994791666666667 0.6685546875 0.051041666666666666 0.11601562500000001
3 0.6549479166666666 0.6478515625000001 0.057812499999999996 0.11679687500000001
3 0.7161458333333334 0.6255859375 0.06458333333333333 0.11601562500000001
3 0.5213541666666667 0.87890625 0.08541666666666667 0.09921875000000001
3 0.5927083333333333 0.8509765625000001 0.057291666666666664 0.09726562500000001
0 0.8122395833333333 0.40234375 0.06614583333333333 0.13203125000000002
