3 0.28072916666666664 0.4109375 0.090625 0.1375
3 0.3598958333333333 0.41328125000000004 0.090625 0.1375
3 0.45 0.6265625 0.07708333333333334 0.1125
3 0.5239583333333333 0.62109375 0.07708333333333334 0.1125
3 0.5979166666666667 0.62109375 0.07708333333333334 0.1125
3 0.3208333333333333 0.7976562500000001 0.06875 0.0921875
3 0.38229166666666664 0.7937500000000001 0.06875 0.0921875
3 0.45625 0.7976562500000001 0.06875 0.0921875
3 0.5239583333333333 0.7933593750000001 0.06458333333333333 0.08828125
3 0.5854166666666667 0.7917968750000001 0.06458333333333333 0.08828125
1 0.30885416666666665 0.628125 0.08020833333333333 0.10625000000000001
1 0.38177083333333334 0.628125 0.07395833333333333 0.10625000000000001
0 0.4458333333333333 0.41250000000000003 0.08125 0.1328125
0 0.534375 0.4109375 0.08125 0.1328125
0 0.6114583333333333 0.4109375 0.08125 0.1328125
