0 0.2916666666666667 0.40253906250000004 0.10729166666666666 0.138671875
0 0.3919270833333333 0.4109375 0.0953125 0.13515625
0 0.48385416666666664 0.41484375 0.08645833333333333 0.13593750000000002
0 0.5697916666666667 0.41914062500000004 0.08645833333333333 0.13593750000000002
0 0.6661458333333333 0.424609375 0.08645833333333333 0.13593750000000002
0 0.7697916666666667 0.4306640625 0.10208333333333333 0.134765625
2 0.31536458333333334 0.594140625 0.09427083333333333 0.13359375
2 0.403125 0.6125 0.08020833333333333 0.11640625
2 0.48203124999999997 0.609375 0.0796875 0.13046875
2 0.56328125 0.6171875 0.0796875 0.13046875
2 0.64296875 0.6253906250000001 0.0796875 0.13046875
2 0.7375 0.6345703125000001 0.09270833333333334 0.135546875
2 0.3489583333333333 0.7578125 0.06666666666666667 0.10078125
2 0.41510416666666666 0.7605468750000001 0.06666666666666667 0.10078125
2 0.484375 0.7671875 0.06666666666666667 0.10078125
2 0.5520833333333334 0.7765625 0.06666666666666667 0.10078125
2 0.6213541666666667 0.7859375000000001 0.06666666666666667 0.10078125
2 0.6979166666666666 0.790234375 0.06666666666666667 0.10078125
2 0.696875 0.7894531250000001 0.06666666666666667 0.10078125
2 0.36276041666666664 0.880859375 0.06927083333333334 0.0765625
2 0.42734374999999997 0.883984375 0.06927083333333334 0.0765625
2 0.49192708333333335 0.8914062500000001 0.059895833333333336 0.078125
2 0.5533854166666666 0.8968750000000001 0.059895833333333336 0.078125
2 0.61484375 0.9050781250000001 0.059895833333333336 0.078125
2 0.6825520833333333 0.91171875 0.059895833333333336 0.078125
