1 0.5958333333333333 0.26953125 0.04583333333333333 0.08750000000000001
1 0.6463541666666667 0.269140625 0.04583333333333333 0.08750000000000001
1 0.721875 0.2849609375 0.05416666666666667 0.091796875
1 0.7723958333333333 0.2857421875 0.04479166666666667 0.087109375
2 0.5973958333333333 0.4248046875 0.029166666666666667 0.11289062500000001
2 0.6361979166666667 0.43300781250000003 0.0484375 0.113671875
2 0.6825520833333333 0.44277343750000003 0.0484375 0.11289062500000001
2 0.7330729166666666 0.44550781250000004 0.0484375 0.109765625
2 0.7809895833333333 0.44472656250000003 0.0484375 0.109765625
3 0.2638020833333333 0.20390625 0.03177083333333333 0.0859375
3 0.2950520833333333 0.20820312500000002 0.03177083333333333 0.0859375
3 0.3296875 0.21406250000000002 0.036458333333333336 0.08671875000000001
3 0.37005208333333334 0.21601562500000002 0.044270833333333336 0.0921875
3 0.41015625 0.21250000000000002 0.033854166666666664 0.08984375
3 0.2734375 0.32832031250000004 0.036458333333333336 0.082421875
3 0.30807291666666664 0.3310546875 0.03177083333333333 0.080078125
3 0.34088541666666666 0.3376953125 0.03177083333333333 0.080078125
3 0.3763020833333333 0.3447265625 0.0390625 0.079296875
3 0.434375 0.3298828125 0.03854166666666667 0.07773437500000001
3 0.28359375 0.4380859375 0.0296875 0.064453125
3 0.3138020833333333 0.4458984375 0.0296875 0.064453125
3 0.34453125 0.45527343750000004 0.030729166666666665 0.069140625
3 0.378125 0.4609375 0.0375 0.06796875000000001
3 0.4276041666666667 0.4421875 0.030208333333333334 0.06328125
3 0.2994791666666667 0.6240234375 0.03958333333333333 0.079296875
3 0.3377604166666667 0.6353515625 0.03697916666666667 0.083984375
3 0.37734375 0.6462890625000001 0.03697916666666667 0.083984375
3 0.4122395833333333 0.6611328125 0.03177083333333333 0.091796875
3 0.44817708333333334 0.6755859375000001 0.03697916666666667 0.09335937500000001
3 0.4875 0.6873046875000001 0.03854166666666667 0.091796875
3 0.5278645833333333 0.7033203125 0.04010416666666666 0.099609375
3 0.5692708333333333 0.7154296875 0.042708333333333334 0.098046875
3 0.6140625 0.7337890625000001 0.04479166666666667 0.101953125
3 0.6638020833333333 0.7451171875 0.05364583333333333 0.10039062500000001
