0 0.271875 0.43046875 0.08958333333333333 0.13125
0 0.3572916666666667 0.43085937500000004 0.07708333333333334 0.13203125000000002
0 0.43854166666666666 0.429296875 0.07708333333333334 0.13203125000000002
0 0.5213541666666667 0.427734375 0.078125 0.12890625
0 0.6109375 0.43476562500000004 0.078125 0.12890625
0 0.5802083333333333 0.6355468750000001 0.07083333333333333 0.09921875000000001
0 0.5041666666666667 0.6433593750000001 0.07083333333333333 0.09921875000000001
0 0.43124999999999997 0.6433593750000001 0.07083333333333333 0.09921875000000001
0 0.3625 0.6433593750000001 0.07083333333333333 0.09921875000000001
0 0.284375 0.646484375 0.07083333333333333 0.09921875000000001
1 0.2911458333333333 0.8148437500000001 0.071875 0.084375
1 0.36354166666666665 0.812109375 0.06458333333333333 0.08203125
1 0.4239583333333333 0.809765625 0.06458333333333333 0.08203125
1 0.4875 0.810546875 0.06458333333333333 0.08203125
1 0.55625 0.8054687500000001 0.06666666666666667 0.08281250000000001
