1 0.23645833333333333 0.34609375000000003 0.10625 0.16718750000000002
1 0.3484375 0.35078125000000004 0.103125 0.1703125
1 0.45468749999999997 0.34687500000000004 0.09479166666666666 0.16562500000000002
1 0.54375 0.35390625000000003 0.09166666666666666 0.1703125
1 0.634375 0.3484375 0.09791666666666667 0.1625
1 0.7385416666666667 0.355078125 0.09791666666666667 0.17578125
2 0.265625 0.58125 0.09166666666666666 0.16875
2 0.3567708333333333 0.58046875 0.08645833333333333 0.1640625
2 0.44375 0.5796875 0.0875 0.15000000000000002
2 0.53125 0.57265625 0.08333333333333333 0.16718750000000002
2 0.6078125 0.57265625 0.07395833333333333 0.15781250000000002
2 0.6989583333333333 0.5734375 0.09583333333333333 0.16562500000000002
2 0.2817708333333333 0.7566406250000001 0.07604166666666666 0.09296875
2 0.3546875 0.748046875 0.078125 0.09453125000000001
2 0.434375 0.751171875 0.08541666666666667 0.09140625000000001
2 0.5151041666666667 0.73984375 0.07604166666666666 0.09062500000000001
2 0.5927083333333333 0.7390625000000001 0.075 0.0890625
2 0.6598958333333333 0.7425781250000001 0.071875 0.09921875000000001
