0 0.3927083333333333 0.37539062500000003 0.06875 0.10859375
0 0.46249999999999997 0.373046875 0.06875 0.10859375
0 0.53125 0.37226562500000004 0.06875 0.10859375
0 0.5989583333333334 0.370703125 0.06875 0.10859375
0 0.6677083333333333 0.365234375 0.06875 0.10859375
1 0.4192708333333333 0.560546875 0.06145833333333333 0.08359375000000001
1 0.4796875 0.556640625 0.06145833333333333 0.08359375000000001
1 0.5421875 0.555078125 0.059375 0.08671875000000001
3 0.6005208333333333 0.55390625 0.053125 0.08281250000000001
3 0.6609375 0.55078125 0.059375 0.084375
3 0.4359375 0.705078125 0.05520833333333333 0.07890625000000001
3 0.4942708333333333 0.701171875 0.05520833333333333 0.07890625000000001
3 0.5494791666666666 0.698828125 0.05520833333333333 0.07890625000000001
3 0.6078125 0.696484375 0.05520833333333333 0.07890625000000001
3 0.6640625 0.6957031250000001 0.05520833333333333 0.07890625000000001
2 0.4515625 0.8246093750000001 0.053125 0.07578125000000001
2 0.5067708333333333 0.8207031250000001 0.053125 0.07578125000000001
2 0.5578125 0.8191406250000001 0.053125 0.07578125000000001
2 0.6088541666666667 0.816015625 0.053125 0.07578125000000001
2 0.6619791666666667 0.813671875 0.053125 0.07578125000000001
