0 0.2838541666666667 0.32578125 0.065625 0.1203125
0 0.3458333333333333 0.335546875 0.07708333333333334 0.12265625000000001
0 0.4125 0.350390625 0.07708333333333334 0.12265625000000001
1 0.48385416666666664 0.35859375000000004 0.065625 0.12812500000000002
1 0.5546875 0.369140625 0.07604166666666666 0.13359375
2 0.2682291666666667 0.509765625 0.065625 0.12578125
2 0.3223958333333333 0.515234375 0.065625 0.12578125
2 0.3807291666666667 0.523046875 0.065625 0.12578125
2 0.434375 0.538671875 0.06875 0.12890625
2 0.5020833333333333 0.556640625 0.07083333333333333 0.13984375000000002
2 0.2583333333333333 0.6742187500000001 0.05416666666666667 0.115625
2 0.3072916666666667 0.68359375 0.05416666666666667 0.115625
2 0.36354166666666665 0.6976562500000001 0.05416666666666667 0.115625
2 0.4192708333333333 0.716015625 0.053125 0.11796875000000001
2 0.48020833333333335 0.73203125 0.06458333333333333 0.1171875
