1 0.128125 0.265625 0.08125 0.13125
1 0.20833333333333334 0.265625 0.07083333333333333 0.14375000000000002
1 0.2817708333333333 0.26796875000000003 0.07604166666666666 0.1484375
1 0.35885416666666664 0.280078125 0.07395833333333333 0.12421875
1 0.43333333333333335 0.28554687500000003 0.06666666666666667 0.13515625
1 0.4973958333333333 0.287890625 0.057291666666666664 0.13046875
2 0.13125 0.472265625 0.0875 0.18359375
2 0.21041666666666667 0.472265625 0.08333333333333333 0.18671875000000002
2 0.2859375 0.47382812500000004 0.08020833333333333 0.16796875
2 0.35572916666666665 0.476171875 0.07604166666666666 0.16640625
2 0.4270833333333333 0.480078125 0.06666666666666667 0.17421875
2 0.4942708333333333 0.479296875 0.06770833333333333 0.16953125000000002
2 0.1359375 0.6648437500000001 0.078125 0.096875
2 0.20572916666666666 0.6625000000000001 0.07395833333333333 0.0921875
2 0.28125 0.6960937500000001 0.08125 0.15625
2 0.35572916666666665 0.69453125 0.06770833333333333 0.15937500000000002
2 0.42604166666666665 0.69140625 0.06875 0.16562500000000002
2 0.4921875 0.6890625 0.06770833333333333 0.1609375
2 0.1390625 0.9105468750000001 0.08020833333333333 0.15078125
2 0.21770833333333334 0.909765625 0.07291666666666667 0.14609375
2 0.2828125 0.8984375 0.06979166666666667 0.15000000000000002
2 0.3546875 0.8921875 0.06979166666666667 0.14375000000000002
2 0.4203125 0.88984375 0.06145833333333333 0.1453125
2 0.4791666666666667 0.8859375 0.07291666666666667 0.14375000000000002
