0 0.3684895833333333 0.34033203125 0.0703125 0.1162109375
0 0.439453125 0.3408203125 0.0703125 0.1162109375
0 0.51171875 0.3388671875 0.0703125 0.1162109375
0 0.5852864583333333 0.33984375 0.0703125 0.1162109375
0 0.6575520833333333 0.33837890625 0.0703125 0.1162109375
0 0.3763020833333333 0.5517578125 0.06380208333333333 0.099609375
0 0.44205729166666663 0.55126953125 0.06380208333333333 0.099609375
0 0.5078125 0.55029296875 0.06380208333333333 0.099609375
0 0.57421875 0.5478515625 0.06380208333333333 0.099609375
0 0.6451822916666666 0.54736328125 0.06380208333333333 0.099609375
1 0.3876953125 0.732177734375 0.056640625 0.08447265625
1 0.4475911458333333 0.730224609375 0.056640625 0.08447265625
1 0.5094401041666666 0.730224609375 0.056640625 0.08447265625
1 0.5712890625 0.727294921875 0.056640625 0.08447265625
1 0.6337890625 0.729248046875 0.056640625 0.08447265625
2 0.392578125 0.87646484375 0.05859375 0.1015625
2 0.4505208333333333 0.87646484375 0.05859375 0.1015625
2 0.5091145833333333 0.8759765625 0.05859375 0.1015625
2 0.5690104166666666 0.875 0.05859375 0.1015625
2 0.6276041666666666 0.873046875 0.05859375 0.1015625
