0 0.2847222222222222 0.4239583333333333 0.08981481481481482 0.109375
0 0.37824074074074077 0.42343749999999997 0.08981481481481482 0.109375
0 0.47824074074074074 0.42291666666666666 0.08981481481481482 0.109375
0 0.5726851851851852 0.42083333333333334 0.08981481481481482 0.109375
0 0.6708333333333334 0.41875 0.08981481481481482 0.109375
3 0.2949074074074074 0.6125 0.08055555555555556 0.08333333333333333
3 0.38472222222222224 0.6083333333333333 0.08055555555555556 0.08333333333333333
3 0.47175925925925927 0.6036458333333333 0.08055555555555556 0.08333333333333333
3 0.3041666666666667 0.7515625 0.075 0.07395833333333333
1 0.5555555555555556 0.6005208333333333 0.07777777777777778 0.07916666666666666
1 0.6310185185185185 0.5966145833333333 0.07314814814814816 0.08177083333333333
3 0.3800925925925926 0.7447916666666666 0.075 0.07395833333333333
3 0.45416666666666666 0.740625 0.075 0.07395833333333333
3 0.5291666666666667 0.7369791666666666 0.075 0.07395833333333333
3 0.5995370370370371 0.7333333333333333 0.06574074074074074 0.075
2 0.3060185185185185 0.86171875 0.06759259259259259 0.0703125
2 0.3763888888888889 0.8580729166666666 0.06759259259259259 0.0703125
2 0.44583333333333336 0.8507812499999999 0.06759259259259259 0.0703125
2 0.5106481481481482 0.84453125 0.06018518518518519 0.0671875
2 0.5736111111111112 0.8388020833333333 0.0638888888888889 0.06614583333333333
