0 0.4317708333333333 0.43300781250000003 0.05416666666666667 0.10820312500000001
0 0.4895833333333333 0.4400390625 0.059375 0.114453125
0 0.55390625 0.4490234375 0.06614583333333333 0.11210937500000001
0 0.64609375 0.43203125000000003 0.06302083333333333 0.1125
0 0.71171875 0.43125 0.06302083333333333 0.1125
0 0.43385416666666665 0.5681640625000001 0.057291666666666664 0.101953125
0 0.5333333333333333 0.5880859375 0.06145833333333333 0.101953125
0 0.6018229166666667 0.5904296875 0.0703125 0.10429687500000001
0 0.6580729166666667 0.5802734375 0.057812499999999996 0.10507812500000001
0 0.71015625 0.5724609375 0.059895833333333336 0.10507812500000001
1 0.66875 0.694921875 0.06041666666666667 0.09531250000000001
3 0.5994791666666667 0.8443359375 0.052083333333333336 0.094140625
3 0.46822916666666664 0.8037109375 0.04791666666666666 0.080078125
0 0.4864583333333333 0.566796875 0.04791666666666666 0.1
1 0.48723958333333334 0.680859375 0.0515625 0.06484375
1 0.4341145833333333 0.6701171875 0.0546875 0.06601562500000001
3 0.4265625 0.7880859375 0.041666666666666664 0.07382812500000001
0 0.5888020833333333 0.43574218750000004 0.0546875 0.113671875
