0 0.31145833333333334 0.378515625 0.0875 0.12265625000000001
0 0.39375 0.3796875 0.07291666666666667 0.1265625
0 0.4708333333333333 0.37890625 0.07291666666666667 0.1265625
0 0.5427083333333333 0.37734375000000003 0.07291666666666667 0.1265625
0 0.6239583333333333 0.3796875 0.07291666666666667 0.1265625
1 0.325 0.597265625 0.06875 0.09921875000000001
1 0.39791666666666664 0.594921875 0.06875 0.09921875000000001
1 0.46458333333333335 0.595703125 0.06875 0.09921875000000001
1 0.5385416666666667 0.594140625 0.06875 0.09921875000000001
1 0.6052083333333333 0.594921875 0.06875 0.09921875000000001
3 0.32916666666666666 0.76875 0.07083333333333333 0.0921875
3 0.3984375 0.7703125000000001 0.065625 0.09531250000000001
3 0.4630208333333333 0.76953125 0.065625 0.09531250000000001
3 0.5296875 0.7671875 0.065625 0.09531250000000001
3 0.5932291666666667 0.7640625000000001 0.065625 0.09531250000000001
2 0.3963541666666667 0.9144531250000001 0.059375 0.09296875
2 0.45468749999999997 0.909765625 0.059375 0.09296875
2 0.5192708333333333 0.908203125 0.059375 0.09296875
