0 0.3229166666666667 0.37343750000000003 0.08333333333333333 0.13593750000000002
0 0.39010416666666664 0.369140625 0.05520833333333333 0.13046875
0 0.45260416666666664 0.36757812500000003 0.06979166666666667 0.13671875
0 0.5161458333333333 0.354296875 0.053125 0.12265625000000001
0 0.5713541666666666 0.35585937500000003 0.057291666666666664 0.12890625
2 0.3567708333333333 0.5789062500000001 0.07395833333333333 0.15156250000000002
2 0.4140625 0.57421875 0.057291666666666664 0.1609375
2 0.47239583333333335 0.555078125 0.06354166666666666 0.15078125
2 0.5203125 0.5375 0.04479166666666667 0.1484375
2 0.5661458333333333 0.53828125 0.046875 0.178125
2 0.35260416666666666 0.775 0.07395833333333333 0.1234375
2 0.41302083333333334 0.759765625 0.051041666666666666 0.13046875
2 0.46510416666666665 0.728515625 0.04479166666666667 0.12265625000000001
2 0.5140625 0.7074218750000001 0.04895833333333333 0.12109375
2 0.5609375 0.6937500000000001 0.04895833333333333 0.1203125
2 0.3333333333333333 0.925 0.06458333333333333 0.09375
2 0.4119791666666667 0.9011718750000001 0.053125 0.10703125000000001
2 0.45729166666666665 0.8792968750000001 0.041666666666666664 0.10234375000000001
2 0.5057291666666667 0.8562500000000001 0.053125 0.084375
2 0.5505208333333333 0.829296875 0.057291666666666664 0.09140625000000001
