0 0.19947916666666665 0.40546875000000004 0.06145833333333333 0.08125
0 0.2526041666666667 0.41015625 0.04479166666666667 0.084375
0 0.3046875 0.40664062500000003 0.051041666666666666 0.09140625000000001
0 0.35052083333333334 0.401171875 0.057291666666666664 0.09296875
0 0.4036458333333333 0.401953125 0.057291666666666664 0.08515625
0 0.47031249999999997 0.39687500000000003 0.06354166666666666 0.078125
2 0.20052083333333334 0.536328125 0.059375 0.11796875000000001
2 0.2598958333333333 0.537109375 0.05520833333333333 0.11640625
2 0.3536458333333333 0.5339843750000001 0.046875 0.11015625000000001
2 0.2109375 0.6785156250000001 0.051041666666666666 0.12109375
2 0.26197916666666665 0.676953125 0.051041666666666666 0.11796875000000001
2 0.35572916666666665 0.6667968750000001 0.046875 0.11953125
2 0.43124999999999997 0.659765625 0.07083333333333333 0.10859375
2 0.21562499999999998 0.8093750000000001 0.06458333333333333 0.1078125
2 0.2635416666666667 0.800390625 0.035416666666666666 0.10703125000000001
2 0.3046875 0.7972656250000001 0.051041666666666666 0.10078125
2 0.3453125 0.7816406250000001 0.046875 0.10078125
2 0.3880208333333333 0.776953125 0.05520833333333333 0.11015625000000001
2 0.4421875 0.780859375 0.06145833333333333 0.11796875000000001
