0 0.2875 0.3591796875 0.065625 0.118359375
0 0.3598958333333333 0.35957031250000004 0.065625 0.118359375
0 0.43333333333333335 0.36269531250000003 0.065625 0.118359375
0 0.5057291666666667 0.36347656250000004 0.065625 0.118359375
0 0.5755208333333334 0.3662109375 0.065625 0.118359375
1 0.29401041666666666 0.570703125 0.06197916666666667 0.1
1 0.36328125 0.570703125 0.06197916666666667 0.1
1 0.4283854166666667 0.5703125 0.06197916666666667 0.1
1 0.49765624999999997 0.5697265625 0.06614583333333333 0.10117187500000001
1 0.5619791666666667 0.572265625 0.065625 0.09843750000000001
3 0.30078125 0.745703125 0.05572916666666666 0.09765625
3 0.3578125 0.7453125 0.05520833333333333 0.09921875000000001
3 0.42604166666666665 0.743359375 0.05520833333333333 0.09921875000000001
3 0.484375 0.744140625 0.05520833333333333 0.09921875000000001
3 0.5466145833333333 0.7462890625 0.05677083333333333 0.091015625
2 0.303125 0.8927734375 0.06041666666666667 0.098828125
2 0.3645833333333333 0.8931640625 0.06041666666666667 0.098828125
2 0.42213541666666665 0.8939453125000001 0.0546875 0.098828125
2 0.47890625 0.8923828125000001 0.0546875 0.098828125
2 0.5356770833333333 0.8919921875000001 0.0546875 0.098828125
