3 0.09147609147609148 0.20877192982456141 0.079002079002079 0.09239766081871345
3 0.15696465696465697 0.20818713450292398 0.07692307692307693 0.0912280701754386
3 0.2234927234927235 0.20701754385964913 0.07692307692307693 0.0912280701754386
3 0.28378378378378377 0.20584795321637428 0.07692307692307693 0.0912280701754386
3 0.11746361746361747 0.33801169590643276 0.07692307692307693 0.0912280701754386
3 0.18191268191268192 0.3391812865497076 0.07692307692307693 0.0912280701754386
3 0.23700623700623702 0.3368421052631579 0.06652806652806653 0.0912280701754386
3 0.29521829521829523 0.33567251461988307 0.06652806652806653 0.0912280701754386
3 0.20582120582120583 0.5356725146198831 0.06652806652806653 0.0912280701754386
3 0.14137214137214138 0.4590643274853801 0.07068607068607069 0.08070175438596491
3 0.2650727650727651 0.5356725146198831 0.06860706860706861 0.0912280701754386
3 0.3274428274428275 0.5309941520467837 0.06860706860706861 0.0912280701754386
3 0.3856548856548857 0.5239766081871345 0.056133056133056136 0.08654970760233918
3 0.4417879417879418 0.5216374269005848 0.056133056133056136 0.08654970760233918
3 0.4937629937629938 0.5181286549707602 0.056133056133056136 0.08654970760233918
3 0.5498960498960499 0.5134502923976608 0.056133056133056136 0.08654970760233918
3 0.5977130977130978 0.5099415204678363 0.056133056133056136 0.08654970760233918
3 0.6455301455301455 0.5076023391812866 0.056133056133056136 0.08654970760233918
3 0.6975051975051976 0.504093567251462 0.056133056133056136 0.08654970760233918
3 0.7505197505197505 0.4988304093567252 0.0498960498960499 0.08070175438596491
3 0.8898128898128899 0.49064327485380116 0.058212058212058215 0.08304093567251462
3 0.788981288981289 0.4935672514619883 0.04781704781704782 0.07953216374269007
3 0.8326403326403327 0.4912280701754386 0.04781704781704782 0.07953216374269007
3 0.4968814968814969 0.36198830409356725 0.058212058212058215 0.0783625730994152
3 0.5467775467775469 0.3631578947368421 0.05405405405405406 0.0783625730994152
3 0.5987525987525988 0.3666666666666667 0.05405405405405406 0.0783625730994152
3 0.6465696465696467 0.3678362573099415 0.05405405405405406 0.0783625730994152
3 0.6985446985446986 0.36608187134502923 0.0498960498960499 0.07953216374269007
3 0.737006237006237 0.36198830409356725 0.0395010395010395 0.0736842105263158
3 0.501039501039501 0.2327485380116959 0.0498960498960499 0.07953216374269007
3 0.5509355509355509 0.23333333333333334 0.058212058212058215 0.07602339181286549
3 0.5997920997920998 0.23742690058479532 0.05197505197505198 0.07719298245614035
3 0.6517671517671518 0.23625730994152047 0.05197505197505198 0.07719298245614035
3 0.6933471933471934 0.23625730994152047 0.04365904365904366 0.07017543859649122
3 0.9022869022869023 0.5660818713450293 0.0498960498960499 0.07485380116959064
3 0.8565488565488566 0.5684210526315789 0.0498960498960499 0.07485380116959064
3 0.8108108108108109 0.5719298245614035 0.0498960498960499 0.07485380116959064
3 0.7629937629937631 0.5766081871345029 0.0498960498960499 0.07485380116959064
3 0.7193347193347194 0.5824561403508772 0.0498960498960499 0.07485380116959064
3 0.6704781704781705 0.5871345029239766 0.05197505197505198 0.07953216374269007
3 0.6205821205821206 0.5906432748538012 0.05197505197505198 0.08421052631578947
3 0.5727650727650728 0.5929824561403508 0.05197505197505198 0.08421052631578947
3 0.5207900207900208 0.6 0.05197505197505198 0.08421052631578947
3 0.4656964656964657 0.6046783625730995 0.0498960498960499 0.08187134502923976
3 0.12058212058212059 0.6099415204678362 0.058212058212058215 0.08304093567251462
3 0.24844074844074845 0.44035087719298244 0.060291060291060294 0.05730994152046784
3 0.19230769230769232 0.4415204678362573 0.060291060291060294 0.05730994152046784
3 0.30561330561330563 0.4391812865497076 0.062370062370062374 0.052631578947368425
