0 0.26276041666666666 0.3845703125 0.0515625 0.080078125
0 0.31276041666666665 0.3845703125 0.0515625 0.080078125
0 0.36744791666666665 0.3857421875 0.0515625 0.080078125
0 0.42421875 0.38613281250000003 0.0515625 0.080078125
0 0.47630208333333335 0.3873046875 0.0515625 0.080078125
0 0.31744791666666666 0.5318359375 0.049479166666666664 0.071484375
0 0.3684895833333333 0.5306640625 0.049479166666666664 0.071484375
0 0.41953124999999997 0.5318359375 0.049479166666666664 0.071484375
0 0.46953125 0.5333984375 0.049479166666666664 0.071484375
3 0.2794270833333333 0.6578125 0.043229166666666666 0.05859375
3 0.32526041666666666 0.6537109375000001 0.044270833333333336 0.063671875
3 0.3690104166666667 0.6576171875000001 0.044270833333333336 0.063671875
3 0.46171875 0.6517578125000001 0.044270833333333336 0.063671875
1 0.41640625 0.6578125 0.0421875 0.059375000000000004
2 0.2791666666666667 0.7582031250000001 0.052083333333333336 0.07265625
2 0.32526041666666666 0.759375 0.04010416666666666 0.0734375
2 0.37109375 0.757421875 0.04010416666666666 0.0734375
2 0.41354166666666664 0.7585937500000001 0.041666666666666664 0.07421875
2 0.4596354166666667 0.7566406250000001 0.04010416666666666 0.0734375
