0 0.27708333333333335 0.280859375 0.06041666666666667 0.10234375000000001
0 0.3375 0.283203125 0.06041666666666667 0.10234375000000001
0 0.3958333333333333 0.283203125 0.06041666666666667 0.10234375000000001
3 0.4609375 0.28945312500000003 0.05520833333333333 0.10078125
3 0.515625 0.291015625 0.05416666666666667 0.10859375
3 0.5770833333333333 0.29140625000000003 0.0625 0.1125
3 0.27760416666666665 0.44960937500000003 0.057291666666666664 0.10078125
3 0.3380208333333333 0.45039062500000004 0.057291666666666664 0.10078125
3 0.3953125 0.45742187500000003 0.057291666666666664 0.10078125
3 0.45260416666666664 0.45820312500000004 0.057291666666666664 0.10078125
3 0.5078125 0.45820312500000004 0.057291666666666664 0.10078125
3 0.5609375 0.46210937500000004 0.057291666666666664 0.10078125
3 0.2786458333333333 0.603515625 0.04479166666666667 0.08671875000000001
3 0.33541666666666664 0.60703125 0.052083333333333336 0.08750000000000001
3 0.3875 0.609375 0.052083333333333336 0.08750000000000001
3 0.4395833333333333 0.6117187500000001 0.052083333333333336 0.08750000000000001
3 0.49374999999999997 0.6140625000000001 0.052083333333333336 0.08750000000000001
3 0.5447916666666667 0.61640625 0.052083333333333336 0.08750000000000001
2 0.2791666666666667 0.733984375 0.05416666666666667 0.10078125
2 0.32916666666666666 0.736328125 0.05416666666666667 0.10078125
2 0.378125 0.7406250000000001 0.05 0.10312500000000001
2 0.42916666666666664 0.7421875 0.05 0.10312500000000001
2 0.4770833333333333 0.7453125 0.05 0.10312500000000001
2 0.5270833333333333 0.7468750000000001 0.05 0.10312500000000001
