3 0.46875 0.38398437500000004 0.06666666666666667 0.10859375
3 0.5291666666666667 0.38515625000000003 0.06041666666666667 0.11406250000000001
3 0.5838541666666667 0.38515625000000003 0.053125 0.115625
3 0.6442708333333333 0.3875 0.06979166666666667 0.1171875
3 0.7182291666666667 0.38828125 0.06979166666666667 0.1171875
0 0.49895833333333334 0.554296875 0.05416666666666667 0.08984375
0 0.5510416666666667 0.5640625 0.05 0.0859375
0 0.6041666666666666 0.565625 0.05625 0.08750000000000001
0 0.6614583333333334 0.5750000000000001 0.058333333333333334 0.0921875
0 0.7197916666666666 0.58125 0.058333333333333334 0.0921875
0 0.5197916666666667 0.7015625000000001 0.04791666666666666 0.0734375
0 0.5645833333333333 0.70625 0.04791666666666666 0.0734375
0 0.6223958333333334 0.72421875 0.057291666666666664 0.078125
0 0.6765625 0.728515625 0.04895833333333333 0.07734375
0 0.7317708333333334 0.743359375 0.04895833333333333 0.07734375
2 0.5333333333333333 0.818359375 0.058333333333333334 0.08203125
2 0.5848958333333333 0.83125 0.040625 0.09375
2 0.6265625 0.8359375 0.040625 0.09375
2 0.6786458333333333 0.853125 0.051041666666666666 0.0921875
2 0.7317708333333334 0.85859375 0.051041666666666666 0.0921875
