1 0.3416666666666667 0.3357421875 0.05625 0.107421875
1 0.40703125 0.34394531250000004 0.06822916666666666 0.109765625
1 0.48046875 0.3486328125 0.06822916666666666 0.109765625
1 0.5458333333333333 0.35371093750000004 0.06041666666666667 0.110546875
1 0.6078125 0.36074218750000003 0.06041666666666667 0.110546875
1 0.6776041666666667 0.3650390625 0.06666666666666667 0.109765625
1 0.471875 0.5240234375 0.05416666666666667 0.08554687500000001
0 0.3489583333333333 0.5103515625 0.05520833333333333 0.08554687500000001
0 0.4109375 0.5185546875 0.05520833333333333 0.08554687500000001
2 0.52890625 0.5177734375 0.057812499999999996 0.118359375
2 0.5927083333333333 0.5222656250000001 0.0625 0.11796875000000001
2 0.6559895833333333 0.53046875 0.06197916666666667 0.09609375
3 0.36041666666666666 0.6472656250000001 0.05625 0.08125
3 0.41510416666666666 0.65625 0.052083333333333336 0.078125
3 0.4674479166666667 0.661328125 0.0484375 0.07734375
3 0.51484375 0.669140625 0.0484375 0.07734375
3 0.571875 0.6783203125 0.057291666666666664 0.07773437500000001
1 0.6317708333333333 0.6916015625 0.057291666666666664 0.076171875
2 0.3658854166666667 0.7609375 0.04739583333333333 0.08125
2 0.41380208333333335 0.77109375 0.04739583333333333 0.08125
2 0.46380208333333334 0.7796875000000001 0.04739583333333333 0.08125
2 0.5143229166666666 0.7914062500000001 0.04739583333333333 0.08125
2 0.5622395833333333 0.798828125 0.04739583333333333 0.08125
2 0.61328125 0.8089843750000001 0.04739583333333333 0.08125
