2 0.2973958333333333 0.3279296875 0.06354166666666666 0.168359375
2 0.36432291666666666 0.34316406250000003 0.0703125 0.174609375
2 0.4322916666666667 0.35566406250000004 0.06666666666666667 0.17929687500000002
2 0.49973958333333335 0.36953125000000003 0.06822916666666666 0.18046875
2 0.5744791666666667 0.3884765625 0.078125 0.187890625
2 0.6611979166666666 0.4021484375 0.09427083333333333 0.187890625
2 0.32395833333333335 0.5298828125 0.051041666666666666 0.131640625
2 0.3763020833333333 0.5437500000000001 0.0546875 0.13046875
2 0.43359375 0.5578125 0.0546875 0.13046875
2 0.49244791666666665 0.5783203125 0.06510416666666667 0.139453125
2 0.5614583333333333 0.6041015625 0.07083333333333333 0.143359375
2 0.6427083333333333 0.62109375 0.084375 0.12890625
2 0.34713541666666664 0.6785156250000001 0.049479166666666664 0.10078125
2 0.3971354166666667 0.6957031250000001 0.049479166666666664 0.10078125
2 0.44609375 0.7140625 0.049479166666666664 0.10078125
2 0.49973958333333335 0.7347656250000001 0.0515625 0.10234375000000001
2 0.5544270833333333 0.757421875 0.0515625 0.10234375000000001
2 0.6190104166666667 0.7810546875000001 0.07239583333333333 0.106640625
