3 0.22906793048973143 0.28258293838862564 0.044233807266982623 0.08649289099526067
3 0.27330173775671407 0.28376777251184837 0.044233807266982623 0.08649289099526067
3 0.31437598736176936 0.28613744075829384 0.044233807266982623 0.08649289099526067
3 0.36334913112164297 0.28376777251184837 0.044233807266982623 0.08649289099526067
3 0.22906793048973143 0.41172985781990523 0.044233807266982623 0.08649289099526067
3 0.27330173775671407 0.41409952606635075 0.044233807266982623 0.08649289099526067
3 0.3175355450236967 0.412914691943128 0.044233807266982623 0.08649289099526067
3 0.36334913112164297 0.4152843601895735 0.044233807266982623 0.08649289099526067
3 0.593996840442338 0.3181279620853081 0.04107424960505529 0.08175355450236968
3 0.6382306477093207 0.3193127962085308 0.04107424960505529 0.08175355450236968
3 0.6824644549763033 0.31575829383886256 0.04107424960505529 0.08175355450236968
3 0.7219589257503949 0.3181279620853081 0.04107424960505529 0.08175355450236968
0 0.23459715639810427 0.5343601895734598 0.03949447077409163 0.05924170616113744
0 0.2740916271721959 0.5343601895734598 0.03949447077409163 0.05924170616113744
0 0.31990521327014215 0.5367298578199052 0.03949447077409163 0.05924170616113744
0 0.3593996840442338 0.537914691943128 0.03949447077409163 0.05924170616113744
0 0.165086887835703 0.6202606635071091 0.045813586097946286 0.09123222748815167
0 0.2156398104265403 0.6214454976303319 0.045813586097946286 0.09123222748815167
0 0.26303317535545023 0.6238151658767773 0.045813586097946286 0.09123222748815167
0 0.31200631911532384 0.6226303317535545 0.045813586097946286 0.09123222748815167
0 0.3593996840442338 0.6226303317535545 0.045813586097946286 0.09123222748815167
0 0.4052132701421801 0.6238151658767773 0.045813586097946286 0.09123222748815167
0 0.4541864139020537 0.6238151658767773 0.045813586097946286 0.09123222748815167
1 0.6074249605055292 0.47037914691943133 0.036334913112164295 0.07819905213270142
1 0.6484992101105845 0.47037914691943133 0.03949447077409163 0.08056872037914692
1 0.6943127962085308 0.4709715639810427 0.042654028436018954 0.07938388625592417
1 0.7369668246445498 0.47215639810426546 0.042654028436018954 0.07938388625592417
1 0.7796208530805687 0.46978672985781994 0.042654028436018954 0.07938388625592417
1 0.5015797788309636 0.6244075829383887 0.04897314375987362 0.09241706161137442
1 0.5505529225908373 0.6232227488151659 0.04897314375987362 0.09241706161137442
1 0.6011058451816745 0.6232227488151659 0.04897314375987362 0.09241706161137442
1 0.6500789889415481 0.6232227488151659 0.04897314375987362 0.09241706161137442
1 0.6974723538704581 0.6267772511848342 0.04897314375987362 0.09241706161137442
1 0.744865718799368 0.6255924170616114 0.04897314375987362 0.09241706161137442
1 0.7954186413902053 0.6255924170616114 0.04897314375987362 0.09241706161137442
1 0.8459715639810427 0.6291469194312796 0.04897314375987362 0.09241706161137442
1 0.8902053712480252 0.6267772511848342 0.036334913112164295 0.08530805687203792
1 0.868088467614534 0.7280805687203792 0.05529225908372828 0.09123222748815167
1 0.8175355450236966 0.7280805687203792 0.05529225908372828 0.09123222748815167
1 0.7701421800947867 0.7257109004739337 0.05529225908372828 0.09123222748815167
1 0.7132701421800948 0.7221563981042655 0.05529225908372828 0.09123222748815167
1 0.6579778830963665 0.7233412322274883 0.05529225908372828 0.09123222748815167
1 0.6074249605055292 0.7233412322274883 0.05529225908372828 0.09123222748815167
1 0.556872037914692 0.7221563981042655 0.05529225908372828 0.09123222748815167
1 0.5078988941548184 0.71978672985782 0.05529225908372828 0.09123222748815167
0 0.4541864139020537 0.7221563981042655 0.045813586097946286 0.09123222748815167
0 0.4052132701421801 0.7209715639810427 0.045813586097946286 0.09123222748815167
