0 0.11875 0.5359375000000001 0.03958333333333333 0.06875
0 0.1671875 0.534375 0.051041666666666666 0.07187500000000001
0 0.20885416666666667 0.52890625 0.042708333333333334 0.0765625
0 0.24635416666666665 0.52265625 0.04479166666666667 0.0703125
0 0.2869791666666667 0.5242187500000001 0.036458333333333336 0.0765625
1 0.13385416666666666 0.66171875 0.053125 0.065625
1 0.17864583333333334 0.65546875 0.040625 0.06875
3 0.21458333333333332 0.63984375 0.03958333333333333 0.07500000000000001
3 0.25885416666666666 0.632421875 0.040625 0.06953125
3 0.2973958333333333 0.6328125 0.04479166666666667 0.084375
2 0.14427083333333332 0.7679687500000001 0.053125 0.0890625
2 0.19114583333333332 0.76484375 0.036458333333333336 0.0859375
2 0.2296875 0.7523437500000001 0.028125 0.078125
2 0.26979166666666665 0.74140625 0.03958333333333333 0.084375
2 0.2953125 0.73984375 0.040625 0.08125
2 0.1609375 0.87421875 0.04479166666666667 0.078125
2 0.20052083333333334 0.859375 0.03854166666666667 0.07187500000000001
2 0.24114583333333334 0.8562500000000001 0.03854166666666667 0.084375
2 0.271875 0.84921875 0.03958333333333333 0.0921875
2 0.3078125 0.8359375 0.036458333333333336 0.08125
