0 0.4067708333333333 0.54296875 0.05520833333333333 0.0859375
0 0.4578125 0.52890625 0.06770833333333333 0.08281250000000001
0 0.5213541666666667 0.521484375 0.051041666666666666 0.08515625
0 0.38697916666666665 0.41250000000000003 0.06145833333333333 0.0921875
0 0.4505208333333333 0.401171875 0.06979166666666667 0.09921875000000001
0 0.5213541666666667 0.39960937500000004 0.06354166666666666 0.10234375000000001
0 0.3098958333333333 0.38906250000000003 0.04895833333333333 0.09375
0 0.3286458333333333 0.50234375 0.051041666666666666 0.08750000000000001
3 0.4796875 0.633984375 0.05520833333333333 0.08984375
3 0.428125 0.6433593750000001 0.05625 0.09296875
3 0.37135416666666665 0.64375 0.053125 0.0921875
3 0.3182291666666667 0.61640625 0.04479166666666667 0.0921875
